80
24,18 26,2 40,4 61,2 
19,11 25,4 26,14 38,16 58,10 59,13 78,17 
12,8 33,7 41,3 52,20 
5,17 22,16 33,10 36,17 38,4 59,16 66,17 67,17 
11,9 32,18 35,2 49,5 52,2 53,20 57,12 58,15 
3,17 7,17 33,11 44,8 48,16 54,14 
10,20 14,17 21,18 31,5 53,16 54,15 55,3 61,2 
5,17 27,5 32,15 36,19 78,12 
18,18 19,13 29,15 31,6 59,15 65,5 
18,11 19,17 21,14 29,1 45,19 52,18 57,4 
6,20 17,18 25,4 27,17 31,18 32,17 63,15 
4,9 12,16 19,10 37,5 45,2 47,4 69,1 
2,8 11,16 16,5 57,1 60,17 75,13 
21,8 26,13 29,5 34,19 42,8 50,5 56,2 72,11 76,13 
6,17 15,4 35,14 37,18 49,4 56,3 73,2 
14,4 42,11 50,5 68,9 72,11 
12,5 28,20 37,20 43,20 57,14 60,18 69,9 70,7 
10,18 26,20 31,17 34,17 52,6 58,1 60,12 64,19 67,15 
8,18 9,11 22,20 51,5 54,18 60,15 67,6 72,11 
1,11 8,13 9,17 11,10 53,19 56,10 60,4 
27,2 39,20 52,19 54,16 61,9 68,7 79,11 
6,18 9,14 13,8 29,20 54,3 71,12 74,15 79,14 
3,16 18,20 28,4 30,10 
30,3 74,10 
0,18 31,15 37,14 42,16 49,16 67,20 
1,4 10,4 41,9 42,19 47,4 56,4 63,3 71,8 
0,2 1,14 13,13 17,20 27,11 44,16 73,15 
7,5 10,17 20,2 26,11 33,19 35,19 
16,20 22,4 42,19 48,5 69,8 72,6 74,20 
8,15 9,1 13,5 21,20 47,9 
22,10 23,3 32,9 48,14 56,16 75,8 76,9 79,11 
6,5 8,6 10,18 17,17 24,15 36,13 50,3 62,6 
4,18 7,15 10,17 30,9 50,13 52,4 75,4 
2,7 3,10 5,11 27,19 34,16 79,14 
13,19 17,17 33,16 36,13 43,14 66,3 71,18 
4,2 14,14 27,19 
3,17 7,19 31,13 34,13 46,16 50,3 64,8 66,2 73,19 
11,5 14,18 16,20 24,14 41,6 49,15 55,4 76,10 
1,16 3,4 57,19 71,14 
20,20 
0,4 
2,3 25,9 37,6 46,1 52,8 58,9 66,12 72,3 79,10 
13,8 15,11 24,16 25,19 28,19 47,3 53,19 56,2 58,5 59,11 
16,20 34,14 50,13 59,11 79,11 
5,8 26,16 58,18 59,10 69,19 
9,19 11,2 51,10 70,11 
36,16 41,1 59,12 
11,4 25,4 29,9 42,3 52,7 64,14 
5,16 28,5 30,14 54,7 77,14 
4,5 14,4 24,16 37,15 50,10 58,10 69,16 71,6 
13,5 15,5 31,3 32,13 36,3 43,13 49,10 66,6 
18,5 45,10 
2,20 4,2 9,18 17,6 20,19 32,4 41,8 47,7 53,2 
4,20 6,16 19,19 42,19 52,2 58,7 66,8 
5,14 6,15 18,18 20,16 21,3 48,7 68,14 70,14 
6,3 37,4 59,13 62,13 68,19 
13,2 14,3 19,10 25,4 30,16 42,2 71,19 
4,12 9,4 12,1 16,14 38,19 68,18 
1,10 4,15 17,1 41,9 42,5 44,18 49,10 53,7 
1,13 3,16 8,15 42,11 43,11 44,10 46,12 55,13 75,16 
12,17 16,18 17,12 18,15 19,4 65,20 
0,2 6,2 20,9 
31,6 55,13 64,19 65,16 74,16 
10,15 25,3 
17,19 36,8 47,14 62,19 75,13 
8,5 60,20 62,16 
3,17 34,3 36,2 41,12 50,6 53,8 73,6 
3,17 17,15 18,6 24,20 
15,9 20,7 54,14 55,19 57,18 77,8 79,16 
11,1 16,9 28,8 44,19 49,16 73,16 
16,7 45,11 54,14 76,1 
21,12 25,8 34,18 38,14 49,6 56,19 77,8 
13,11 15,11 18,11 28,6 41,3 
14,2 26,15 36,19 66,6 69,16 
21,15 23,10 28,20 62,16 
12,13 30,8 32,4 59,16 64,13 76,5 
13,13 30,9 37,10 70,1 75,5 
48,14 68,8 71,8 79,3 
1,17 7,12 
20,11 21,14 30,11 33,14 41,10 43,11 68,16 77,3 
