50
28,6 47,14 
2,18 5,6 8,15 
1,18 8,11 9,10 27,8 28,5 38,5 
19,11 26,17 
11,5 15,16 20,5 43,13 
1,6 11,5 15,17 41,15 45,4 
12,10 23,6 29,7 31,17 
41,8 46,11 
1,15 2,11 9,3 20,5 26,9 33,1 
2,10 8,3 20,7 24,18 27,14 
14,17 39,9 
4,5 5,5 23,20 41,14 42,20 
6,10 
16,9 18,1 20,17 22,14 23,17 24,11 
10,17 21,13 49,14 
4,16 5,17 37,4 44,5 
13,9 20,18 36,11 
29,13 37,6 
13,1 34,9 35,4 38,10 40,17 
3,11 41,17 45,20 
4,5 8,5 9,7 13,17 16,18 25,8 31,18 37,5 
14,13 39,19 
13,14 30,8 
6,6 11,20 13,17 
9,18 13,11 27,16 28,6 49,17 
20,8 30,2 31,3 32,6 34,1 
3,17 8,9 32,18 38,8 
2,8 9,14 24,16 
0,6 2,5 24,6 29,11 
6,7 17,13 28,11 
22,8 25,2 
6,17 20,18 25,3 49,1 
25,6 26,18 36,13 48,14 
8,1 45,7 
18,9 25,1 36,10 
18,4 38,20 42,8 48,15 
16,11 32,13 34,10 
15,4 17,6 20,5 
2,5 18,10 26,8 35,20 
10,9 21,19 41,12 
18,17 
5,15 7,8 11,14 19,17 39,12 
11,20 35,8 
4,13 
15,5 
5,4 19,20 33,7 
7,11 
0,14 
32,14 35,15 
14,14 24,17 31,1 
