80
1,11 2,16 3,1 4,2 5,2 6,14 7,20 8,7 9,19 10,20 11,17 12,13 13,8 14,12 15,11 16,3 17,11 18,19 19,11 20,3 21,9 22,12 23,8 24,17 25,1 26,14 27,9 28,13 29,20 30,17 31,19 32,10 33,12 34,19 35,4 36,5 37,4 38,15 39,11 40,2 41,14 42,7 43,15 44,14 45,19 46,5 47,16 48,1 49,16 50,19 51,3 52,4 53,10 54,2 55,12 56,2 57,15 58,12 59,14 60,14 61,8 62,4 63,16 64,19 65,2 66,19 67,15 68,5 69,13 70,5 71,7 72,18 73,4 74,13 75,11 76,14 77,9 78,7 79,14 
0,11 2,4 3,17 4,16 5,20 6,6 7,17 8,3 9,20 10,3 11,15 12,5 13,17 14,2 15,9 16,4 17,13 18,10 19,2 20,7 21,15 22,6 23,4 24,13 25,3 26,7 27,17 28,14 29,20 30,5 31,12 32,5 33,1 34,8 35,12 36,12 37,13 38,20 39,14 40,4 41,2 42,20 43,9 44,10 45,14 46,17 47,13 48,6 49,18 50,14 51,4 52,4 53,19 54,19 55,16 56,2 57,17 58,12 59,7 60,8 61,9 62,18 63,12 64,9 65,5 66,3 67,12 68,9 69,2 70,5 71,13 72,4 73,5 74,13 75,5 76,10 77,9 78,18 79,15 
0,16 1,4 3,18 4,3 5,10 6,2 7,14 8,1 9,9 10,7 11,17 12,13 13,13 14,5 15,1 16,10 17,16 18,1 19,14 20,11 21,12 22,14 23,12 24,8 25,6 26,7 27,4 28,10 29,12 30,13 31,10 32,9 33,19 34,8 35,11 36,1 37,1 38,4 39,1 40,1 41,2 42,17 43,13 44,14 45,1 46,5 47,3 48,9 49,17 50,8 51,19 52,8 53,14 54,10 55,8 56,11 57,9 58,11 59,1 60,20 61,16 62,10 63,20 64,14 65,17 66,2 67,14 68,9 69,18 70,6 71,10 72,19 73,3 74,2 75,13 76,3 77,19 78,7 79,11 
0,1 1,17 2,18 4,15 5,7 6,1 7,15 8,20 9,11 10,14 11,2 12,19 13,4 14,2 15,10 16,11 17,12 18,9 19,17 20,20 21,10 22,10 23,1 24,7 25,8 26,10 27,6 28,10 29,3 30,10 31,4 32,1 33,16 34,7 35,8 36,14 37,7 38,2 39,5 40,9 41,15 42,7 43,19 44,10 45,8 46,8 47,13 48,11 49,8 50,9 51,3 52,18 53,10 54,3 55,16 56,17 57,4 58,13 59,6 60,6 61,14 62,10 63,19 64,10 65,8 66,6 67,15 68,14 69,19 70,20 71,3 72,5 73,18 74,1 75,6 76,5 77,1 78,18 79,8 
0,2 1,16 2,3 3,15 5,8 6,6 7,2 8,17 9,16 10,4 11,13 12,12 13,19 14,17 15,10 16,4 17,11 18,19 19,2 20,12 21,18 22,19 23,6 24,11 25,17 26,17 27,5 28,1 29,14 30,18 31,7 32,11 33,10 34,16 35,10 36,17 37,2 38,11 39,14 40,9 41,6 42,18 43,20 44,4 45,6 46,9 47,19 48,16 49,19 50,1 51,19 52,16 53,19 54,17 55,19 56,8 57,13 58,15 59,20 60,19 61,12 62,6 63,1 64,1 65,14 66,10 67,10 68,15 69,12 70,15 71,3 72,17 73,4 74,14 75,12 76,9 77,15 78,10 79,17 
0,2 1,20 2,10 3,7 4,8 6,13 7,2 8,15 9,1 10,13 11,3 12,11 13,20 14,16 15,5 16,19 17,6 18,9 19,17 20,6 21,1 22,10 23,7 24,10 25,16 26,18 27,16 28,18 29,6 30,19 31,3 32,17 33,20 34,17 35,6 36,16 37,10 38,20 39,2 40,2 41,12 42,5 43,12 44,11 45,12 46,8 47,1 48,17 49,16 50,17 51,14 52,9 53,18 54,20 55,18 56,13 57,9 58,14 59,10 60,14 61,4 62,13 63,2 64,3 65,1 66,19 67,18 68,2 69,18 70,12 71,3 72,9 73,16 74,6 75,11 76,7 77,6 78,12 79,15 
0,14 1,6 2,2 3,1 4,6 5,13 7,1 8,8 9,20 10,1 11,6 12,11 13,19 14,18 15,19 16,4 17,20 18,4 19,7 20,4 21,5 22,10 23,4 24,3 25,19 26,6 27,1 28,10 29,20 30,1 31,17 32,18 33,12 34,3 35,3 36,3 37,9 38,15 39,2 40,8 41,16 42,7 43,10 44,6 45,17 46,8 47,9 48,8 49,11 50,7 51,3 52,7 53,16 54,18 55,10 56,7 57,15 58,2 59,16 60,15 61,2 62,13 63,4 64,13 65,7 66,6 67,15 68,8 69,20 70,9 71,7 72,15 73,15 74,17 75,12 76,3 77,4 78,20 79,2 
0,20 1,17 2,14 3,15 4,2 5,2 6,1 8,7 9,7 10,4 11,13 12,14 13,2 14,14 15,12 16,16 17,15 18,8 19,2 20,17 21,12 22,5 23,1 24,10 25,2 26,8 27,17 28,2 29,16 30,16 31,8 32,2 33,12 34,20 35,5 36,7 37,11 38,18 39,13 40,9 41,2 42,18 43,15 44,15 45,11 46,6 47,2 48,18 49,5 50,16 51,14 52,8 53,20 54,6 55,18 56,2 57,13 58,6 59,15 60,8 61,1 62,14 63,10 64,12 65,5 66,6 67,11 68,16 69,3 70,15 71,16 72,16 73,12 74,10 75,10 76,15 77,16 78,12 79,12 
0,7 1,3 2,1 3,20 4,17 5,15 6,8 7,7 9,12 10,7 11,17 12,20 13,18 14,2 15,17 16,11 17,15 18,14 19,17 20,14 21,15 22,11 23,3 24,18 25,15 26,20 27,8 28,2 29,3 30,3 31,18 32,18 33,6 34,7 35,20 36,20 37,14 38,11 39,3 40,6 41,9 42,19 43,5 44,18 45,1 46,13 47,9 48,7 49,6 50,17 51,20 52,12 53,7 54,3 55,10 56,14 57,2 58,9 59,15 60,16 61,3 62,4 63,14 64,9 65,3 66,13 67,20 68,16 69,15 70,15 71,13 72,15 73,13 74,9 75,12 76,5 77,1 78,12 79,11 
0,19 1,20 2,9 3,11 4,16 5,1 6,20 7,7 8,12 10,19 11,9 12,11 13,10 14,7 15,5 16,11 17,20 18,18 19,20 20,7 21,14 22,14 23,2 24,19 25,14 26,4 27,3 28,14 29,20 30,17 31,8 32,4 33,3 34,12 35,13 36,6 37,17 38,5 39,10 40,7 41,3 42,18 43,9 44,5 45,16 46,13 47,15 48,8 49,11 50,6 51,6 52,16 53,20 54,7 55,14 56,13 57,11 58,16 59,18 60,2 61,4 62,17 63,5 64,6 65,9 66,17 67,3 68,17 69,14 70,12 71,15 72,16 73,1 74,4 75,20 76,17 77,8 78,15 79,16 
0,20 1,3 2,7 3,14 4,4 5,13 6,1 7,4 8,7 9,19 11,18 12,12 13,1 14,5 15,11 16,7 17,18 18,16 19,17 20,13 21,13 22,18 23,8 24,2 25,15 26,5 27,2 28,3 29,8 30,18 31,16 32,19 33,4 34,4 35,20 36,7 37,3 38,8 39,7 40,9 41,3 42,16 43,1 44,3 45,1 46,3 47,9 48,18 49,18 50,18 51,3 52,3 53,7 54,10 55,16 56,1 57,15 58,17 59,16 60,2 61,6 62,11 63,20 64,9 65,14 66,11 67,8 68,9 69,18 70,14 71,9 72,12 73,9 74,9 75,14 76,9 77,4 78,15 79,7 
0,17 1,15 2,17 3,2 4,13 5,3 6,6 7,13 8,17 9,9 10,18 12,13 13,4 14,9 15,7 16,10 17,10 18,2 19,3 20,4 21,10 22,10 23,17 24,15 25,12 26,9 27,16 28,18 29,19 30,3 31,6 32,9 33,8 34,14 35,20 36,16 37,15 38,6 39,17 40,10 41,12 42,15 43,2 44,15 45,15 46,1 47,16 48,4 49,2 50,10 51,20 52,4 53,19 54,16 55,18 56,11 57,4 58,5 59,8 60,15 61,7 62,5 63,15 64,14 65,10 66,6 67,2 68,4 69,11 70,18 71,5 72,2 73,12 74,7 75,8 76,6 77,19 78,4 79,1 
0,13 1,5 2,13 3,19 4,12 5,11 6,11 7,14 8,20 9,11 10,12 11,13 13,20 14,13 15,20 16,3 17,4 18,16 19,13 20,6 21,11 22,17 23,13 24,17 25,16 26,9 27,3 28,1 29,18 30,9 31,14 32,14 33,11 34,11 35,18 36,5 37,14 38,16 39,12 40,11 41,14 42,7 43,12 44,6 45,12 46,3 47,20 48,15 49,10 50,4 51,20 52,13 53,1 54,4 55,9 56,8 57,12 58,12 59,8 60,1 61,12 62,2 63,14 64,2 65,4 66,4 67,6 68,10 69,19 70,10 71,20 72,5 73,16 74,3 75,2 76,19 77,6 78,1 79,13 
0,8 1,17 2,13 3,4 4,19 5,20 6,19 7,2 8,18 9,10 10,1 11,4 12,20 14,15 15,5 16,4 17,7 18,17 19,19 20,8 21,4 22,2 23,11 24,11 25,3 26,14 27,4 28,8 29,15 30,8 31,11 32,13 33,17 34,2 35,2 36,8 37,6 38,9 39,11 40,7 41,8 42,8 43,19 44,12 45,14 46,3 47,8 48,13 49,11 50,6 51,20 52,14 53,8 54,2 55,17 56,2 57,15 58,20 59,9 60,1 61,19 62,20 63,5 64,7 65,13 66,6 67,15 68,18 69,7 70,17 71,16 72,6 73,16 74,14 75,9 76,9 77,9 78,16 79,1 
0,12 1,2 2,5 3,2 4,17 5,16 6,18 7,14 8,2 9,7 10,5 11,9 12,13 13,15 15,19 16,14 17,12 18,13 19,13 20,5 21,1 22,14 23,19 24,20 25,14 26,12 27,11 28,5 29,16 30,17 31,17 32,14 33,11 34,6 35,20 36,19 37,1 38,17 39,14 40,7 41,5 42,15 43,7 44,13 45,15 46,5 47,6 48,19 49,9 50,18 51,3 52,9 53,3 54,14 55,1 56,16 57,5 58,11 59,1 60,12 61,7 62,9 63,5 64,10 65,15 66,16 67,20 68,7 69,12 70,6 71,13 72,9 73,20 74,11 75,1 76,6 77,16 78,18 79,16 
0,11 1,9 2,1 3,10 4,10 5,5 6,19 7,12 8,17 9,5 10,11 11,7 12,20 13,5 14,19 16,16 17,7 18,19 19,17 20,9 21,4 22,9 23,16 24,20 25,19 26,8 27,11 28,17 29,17 30,16 31,18 32,3 33,3 34,10 35,9 36,15 37,15 38,14 39,15 40,14 41,4 42,7 43,11 44,11 45,4 46,7 47,7 48,10 49,17 50,15 51,10 52,20 53,3 54,5 55,19 56,1 57,13 58,1 59,9 60,9 61,16 62,19 63,11 64,19 65,8 66,11 67,5 68,2 69,4 70,11 71,7 72,8 73,17 74,9 75,18 76,20 77,15 78,16 79,1 
0,3 1,4 2,10 3,11 4,4 5,19 6,4 7,16 8,11 9,11 10,7 11,10 12,3 13,4 14,14 15,16 17,11 18,10 19,10 20,2 21,12 22,14 23,20 24,4 25,18 26,1 27,5 28,18 29,8 30,3 31,8 32,18 33,10 34,11 35,14 36,3 37,14 38,4 39,1 40,13 41,20 42,9 43,11 44,11 45,4 46,18 47,3 48,6 49,8 50,12 51,8 52,11 53,18 54,19 55,7 56,15 57,11 58,11 59,13 60,19 61,13 62,12 63,8 64,14 65,2 66,2 67,16 68,8 69,17 70,8 71,20 72,9 73,16 74,2 75,19 76,11 77,20 78,2 79,17 
0,11 1,13 2,16 3,12 4,11 5,6 6,20 7,15 8,15 9,20 10,18 11,10 12,4 13,7 14,12 15,7 16,11 18,19 19,5 20,16 21,1 22,2 23,14 24,7 25,9 26,5 27,17 28,1 29,15 30,9 31,12 32,14 33,2 34,6 35,15 36,9 37,13 38,12 39,16 40,12 41,20 42,4 43,14 44,10 45,6 46,5 47,3 48,14 49,3 50,8 51,9 52,3 53,1 54,15 55,10 56,9 57,11 58,18 59,9 60,5 61,7 62,13 63,18 64,20 65,18 66,5 67,1 68,2 69,8 70,8 71,13 72,19 73,3 74,18 75,8 76,9 77,2 78,3 79,2 
0,19 1,10 2,1 3,9 4,19 5,9 6,4 7,8 8,14 9,18 10,16 11,2 12,16 13,17 14,13 15,19 16,10 17,19 19,16 20,2 21,11 22,19 23,2 24,5 25,20 26,3 27,7 28,9 29,3 30,11 31,15 32,15 33,20 34,7 35,4 36,16 37,19 38,5 39,3 40,6 41,10 42,1 43,9 44,7 45,1 46,17 47,9 48,15 49,10 50,4 51,16 52,20 53,14 54,17 55,16 56,5 57,11 58,2 59,14 60,14 61,4 62,20 63,20 64,16 65,6 66,4 67,11 68,16 69,20 70,6 71,2 72,9 73,18 74,2 75,16 76,10 77,10 78,16 79,4 
0,11 1,2 2,14 3,17 4,2 5,17 6,7 7,2 8,17 9,20 10,17 11,3 12,13 13,19 14,13 15,17 16,10 17,5 18,16 20,19 21,11 22,19 23,11 24,5 25,8 26,18 27,1 28,18 29,20 30,6 31,3 32,15 33,6 34,3 35,10 36,3 37,6 38,13 39,19 40,17 41,18 42,12 43,18 44,7 45,13 46,5 47,17 48,2 49,20 50,20 51,12 52,10 53,11 54,2 55,6 56,18 57,20 58,19 59,7 60,11 61,4 62,10 63,17 64,9 65,12 66,19 67,4 68,9 69,11 70,2 71,17 72,20 73,13 74,14 75,18 76,17 77,18 78,14 79,10 
0,3 1,7 2,11 3,20 4,12 5,6 6,4 7,17 8,14 9,7 10,13 11,4 12,6 13,8 14,5 15,9 16,2 17,16 18,2 19,19 21,9 22,6 23,1 24,11 25,16 26,15 27,8 28,5 29,6 30,6 31,3 32,8 33,2 34,12 35,4 36,10 37,15 38,2 39,5 40,15 41,4 42,6 43,12 44,15 45,10 46,17 47,13 48,18 49,15 50,18 51,7 52,3 53,3 54,20 55,5 56,10 57,6 58,13 59,14 60,11 61,18 62,17 63,18 64,19 65,20 66,13 67,1 68,7 69,15 70,5 71,1 72,10 73,3 74,4 75,17 76,4 77,1 78,9 79,2 
0,9 1,15 2,12 3,10 4,18 5,1 6,5 7,12 8,15 9,14 10,13 11,10 12,11 13,4 14,1 15,4 16,12 17,1 18,11 19,11 20,9 22,7 23,18 24,20 25,1 26,13 27,19 28,6 29,2 30,16 31,18 32,8 33,6 34,7 35,4 36,15 37,18 38,15 39,8 40,10 41,1 42,14 43,14 44,14 45,3 46,8 47,17 48,11 49,12 50,9 51,11 52,5 53,7 54,9 55,4 56,8 57,1 58,15 59,5 60,2 61,10 62,14 63,1 64,8 65,12 66,4 67,2 68,9 69,11 70,1 71,18 72,11 73,14 74,4 75,4 76,9 77,11 78,13 79,19 
0,12 1,6 2,14 3,10 4,19 5,10 6,10 7,5 8,11 9,14 10,18 11,10 12,17 13,2 14,14 15,9 16,14 17,2 18,19 19,19 20,6 21,7 23,14 24,13 25,10 26,18 27,20 28,10 29,14 30,7 31,2 32,8 33,3 34,15 35,9 36,16 37,16 38,16 39,7 40,19 41,10 42,8 43,1 44,10 45,17 46,12 47,16 48,20 49,7 50,4 51,3 52,11 53,14 54,16 55,4 56,15 57,6 58,3 59,16 60,19 61,1 62,17 63,6 64,3 65,12 66,14 67,10 68,7 69,2 70,8 71,17 72,11 73,15 74,18 75,20 76,12 77,1 78,7 79,3 
0,8 1,4 2,12 3,1 4,6 5,7 6,4 7,1 8,3 9,2 10,8 11,17 12,13 13,11 14,19 15,16 16,20 17,14 18,2 19,11 20,1 21,18 22,14 24,19 25,10 26,5 27,10 28,16 29,13 30,13 31,2 32,18 33,7 34,18 35,16 36,7 37,14 38,13 39,1 40,17 41,18 42,2 43,3 44,19 45,9 46,12 47,9 48,4 49,9 50,1 51,7 52,1 53,7 54,9 55,19 56,9 57,6 58,20 59,16 60,18 61,12 62,17 63,15 64,10 65,6 66,2 67,8 68,12 69,14 70,20 71,8 72,3 73,1 74,3 75,2 76,10 77,14 78,2 79,5 
0,17 1,13 2,8 3,7 4,11 5,10 6,3 7,10 8,18 9,19 10,2 11,15 12,17 13,11 14,20 15,20 16,4 17,7 18,5 19,5 20,11 21,20 22,13 23,19 25,14 26,14 27,3 28,14 29,13 30,11 31,4 32,13 33,16 34,4 35,8 36,13 37,7 38,16 39,19 40,17 41,2 42,20 43,16 44,5 45,5 46,16 47,12 48,8 49,16 50,6 51,1 52,17 53,19 54,2 55,13 56,4 57,8 58,15 59,9 60,20 61,18 62,13 63,12 64,13 65,16 66,11 67,18 68,2 69,6 70,8 71,10 72,19 73,8 74,6 75,3 76,4 77,1 78,7 79,11 
0,1 1,3 2,6 3,8 4,17 5,16 6,19 7,2 8,15 9,14 10,15 11,12 12,16 13,3 14,14 15,19 16,18 17,9 18,20 19,8 20,16 21,1 22,10 23,10 24,14 26,8 27,12 28,11 29,17 30,3 31,5 32,9 33,18 34,12 35,4 36,7 37,3 38,13 39,19 40,6 41,17 42,14 43,16 44,14 45,7 46,13 47,14 48,17 49,4 50,13 51,14 52,6 53,16 54,6 55,4 56,7 57,5 58,16 59,9 60,1 61,10 62,5 63,2 64,7 65,8 66,17 67,13 68,10 69,9 70,3 71,7 72,5 73,8 74,14 75,11 76,15 77,19 78,4 79,3 
0,14 1,7 2,7 3,10 4,17 5,18 6,6 7,8 8,20 9,4 10,5 11,9 12,9 13,14 14,12 15,8 16,1 17,5 18,3 19,18 20,15 21,13 22,18 23,5 24,14 25,8 27,2 28,16 29,8 30,19 31,11 32,13 33,3 34,9 35,17 36,10 37,10 38,10 39,19 40,14 41,11 42,17 43,2 44,7 45,2 46,3 47,15 48,16 49,2 50,19 51,4 52,15 53,9 54,10 55,13 56,12 57,4 58,14 59,19 60,11 61,13 62,2 63,3 64,7 65,10 66,11 67,16 68,11 69,20 70,6 71,5 72,2 73,14 74,18 75,8 76,15 77,12 78,14 79,11 
0,9 1,17 2,4 3,6 4,5 5,16 6,1 7,17 8,8 9,3 10,2 11,16 12,3 13,4 14,11 15,11 16,5 17,17 18,7 19,1 20,8 21,19 22,20 23,10 24,3 25,12 26,2 28,13 29,13 30,6 31,20 32,13 33,15 34,4 35,17 36,10 37,10 38,15 39,20 40,14 41,16 42,14 43,20 44,18 45,16 46,15 47,8 48,8 49,12 50,4 51,9 52,5 53,13 54,9 55,12 56,17 57,2 58,14 59,1 60,14 61,19 62,20 63,19 64,5 65,4 66,15 67,14 68,5 69,1 70,5 71,18 72,17 73,10 74,17 75,6 76,17 77,3 78,13 79,4 
0,13 1,14 2,10 3,10 4,1 5,18 6,10 7,2 8,2 9,14 10,3 11,18 12,1 13,8 14,5 15,17 16,18 17,1 18,9 19,18 20,5 21,6 22,10 23,16 24,14 25,11 26,16 27,13 29,14 30,9 31,5 32,10 33,1 34,13 35,1 36,17 37,14 38,14 39,18 40,20 41,4 42,9 43,18 44,8 45,4 46,4 47,13 48,8 49,4 50,9 51,5 52,12 53,10 54,13 55,17 56,7 57,15 58,2 59,10 60,8 61,10 62,14 63,18 64,2 65,6 66,10 67,11 68,12 69,4 70,20 71,11 72,7 73,8 74,20 75,7 76,4 77,3 78,11 79,11 
0,20 1,20 2,12 3,3 4,14 5,6 6,20 7,16 8,3 9,20 10,8 11,19 12,18 13,15 14,16 15,17 16,8 17,15 18,3 19,20 20,6 21,2 22,14 23,13 24,13 25,17 26,8 27,13 28,14 30,18 31,20 32,8 33,10 34,9 35,20 36,6 37,7 38,7 39,7 40,17 41,6 42,8 43,2 44,15 45,10 46,20 47,5 48,12 49,11 50,20 51,11 52,13 53,6 54,10 55,4 56,4 57,13 58,6 59,15 60,16 61,3 62,6 63,3 64,4 65,14 66,14 67,10 68,1 69,20 70,8 71,9 72,6 73,8 74,10 75,12 76,9 77,1 78,16 79,20 
0,17 1,5 2,13 3,10 4,18 5,19 6,1 7,16 8,3 9,17 10,18 11,3 12,9 13,8 14,17 15,16 16,3 17,9 18,11 19,6 20,6 21,16 22,7 23,13 24,11 25,3 26,19 27,6 28,9 29,18 31,11 32,15 33,2 34,15 35,13 36,11 37,18 38,16 39,4 40,15 41,2 42,19 43,10 44,7 45,13 46,13 47,13 48,6 49,14 50,5 51,18 52,14 53,13 54,15 55,13 56,14 57,6 58,1 59,15 60,2 61,12 62,17 63,8 64,13 65,4 66,20 67,3 68,1 69,8 70,18 71,8 72,9 73,16 74,17 75,16 76,20 77,9 78,8 79,18 
0,19 1,12 2,10 3,4 4,7 5,3 6,17 7,8 8,18 9,8 10,16 11,6 12,14 13,11 14,17 15,18 16,8 17,12 18,15 19,3 20,3 21,18 22,2 23,2 24,4 25,5 26,11 27,20 28,5 29,20 30,11 32,15 33,12 34,15 35,20 36,16 37,1 38,12 39,1 40,18 41,12 42,7 43,11 44,3 45,4 46,19 47,7 48,19 49,10 50,9 51,19 52,17 53,7 54,18 55,6 56,14 57,14 58,1 59,14 60,15 61,20 62,3 63,9 64,11 65,9 66,8 67,18 68,9 69,19 70,18 71,6 72,2 73,5 74,17 75,16 76,20 77,7 78,2 79,18 
0,10 1,5 2,9 3,1 4,11 5,17 6,18 7,2 8,18 9,4 10,19 11,9 12,14 13,13 14,14 15,3 16,18 17,14 18,15 19,15 20,8 21,8 22,8 23,18 24,13 25,9 26,13 27,13 28,10 29,8 30,15 31,15 33,16 34,2 35,8 36,13 37,20 38,6 39,10 40,14 41,19 42,10 43,19 44,13 45,1 46,1 47,13 48,11 49,1 50,12 51,8 52,9 53,2 54,5 55,6 56,3 57,1 58,14 59,18 60,20 61,12 62,19 63,17 64,8 65,1 66,17 67,12 68,20 69,2 70,1 71,5 72,12 73,2 74,15 75,17 76,2 77,7 78,9 79,4 
0,12 1,1 2,19 3,16 4,10 5,20 6,12 7,12 8,6 9,3 10,4 11,8 12,11 13,17 14,11 15,3 16,10 17,2 18,20 19,6 20,2 21,6 22,3 23,7 24,16 25,18 26,3 27,15 28,1 29,10 30,2 31,12 32,16 34,7 35,13 36,3 37,7 38,14 39,19 40,13 41,9 42,20 43,18 44,6 45,11 46,10 47,17 48,8 49,9 50,9 51,4 52,12 53,20 54,17 55,12 56,17 57,8 58,5 59,11 60,4 61,18 62,10 63,5 64,13 65,16 66,9 67,7 68,15 69,2 70,5 71,19 72,10 73,16 74,16 75,8 76,7 77,17 78,16 79,6 
0,19 1,8 2,8 3,7 4,16 5,17 6,3 7,20 8,7 9,12 10,4 11,14 12,11 13,2 14,6 15,10 16,11 17,6 18,7 19,3 20,12 21,7 22,15 23,18 24,4 25,12 26,9 27,4 28,13 29,9 30,15 31,15 32,2 33,7 35,5 36,16 37,1 38,16 39,15 40,17 41,19 42,3 43,16 44,15 45,6 46,20 47,4 48,15 49,16 50,16 51,2 52,4 53,14 54,16 55,17 56,11 57,14 58,19 59,6 60,2 61,18 62,4 63,18 64,13 65,1 66,3 67,8 68,1 69,10 70,14 71,9 72,9 73,9 74,5 75,15 76,14 77,16 78,19 79,20 
0,4 1,12 2,11 3,8 4,10 5,6 6,3 7,5 8,20 9,13 10,20 11,20 12,18 13,2 14,20 15,9 16,14 17,15 18,4 19,10 20,4 21,4 22,9 23,16 24,8 25,4 26,17 27,17 28,1 29,20 30,13 31,20 32,8 33,13 34,5 36,3 37,6 38,13 39,6 40,20 41,9 42,14 43,10 44,14 45,12 46,7 47,7 48,9 49,11 50,5 51,13 52,11 53,19 54,20 55,4 56,8 57,6 58,12 59,8 60,14 61,16 62,3 63,19 64,3 65,13 66,18 67,5 68,18 69,10 70,2 71,17 72,10 73,16 74,18 75,16 76,7 77,5 78,2 79,8 
0,5 1,12 2,1 3,14 4,17 5,16 6,3 7,7 8,20 9,6 10,7 11,16 12,5 13,8 14,19 15,15 16,3 17,9 18,16 19,3 20,10 21,15 22,16 23,7 24,13 25,7 26,10 27,10 28,17 29,6 30,11 31,16 32,13 33,3 34,16 35,3 37,15 38,18 39,20 40,17 41,16 42,12 43,20 44,16 45,17 46,12 47,15 48,2 49,19 50,9 51,12 52,2 53,1 54,9 55,18 56,19 57,10 58,20 59,7 60,12 61,7 62,5 63,19 64,13 65,1 66,12 67,12 68,7 69,10 70,12 71,3 72,17 73,3 74,15 75,4 76,11 77,18 78,19 79,12 
0,4 1,13 2,1 3,7 4,2 5,10 6,9 7,11 8,14 9,17 10,3 11,15 12,14 13,6 14,1 15,15 16,14 17,13 18,19 19,6 20,15 21,18 22,16 23,14 24,7 25,3 26,10 27,10 28,14 29,7 30,18 31,1 32,20 33,7 34,1 35,6 36,15 38,16 39,7 40,3 41,9 42,8 43,3 44,19 45,18 46,4 47,18 48,16 49,7 50,4 51,12 52,5 53,8 54,12 55,17 56,20 57,10 58,18 59,3 60,13 61,14 62,17 63,19 64,10 65,7 66,16 67,8 68,10 69,11 70,6 71,4 72,12 73,5 74,18 75,10 76,2 77,13 78,19 79,10 
0,15 1,20 2,4 3,2 4,11 5,20 6,15 7,18 8,11 9,5 10,8 11,6 12,16 13,9 14,17 15,14 16,4 17,12 18,5 19,13 20,2 21,15 22,16 23,13 24,16 25,13 26,10 27,15 28,14 29,7 30,16 31,12 32,6 33,14 34,16 35,13 36,18 37,16 39,20 40,14 41,1 42,16 43,1 44,5 45,4 46,12 47,14 48,1 49,6 50,18 51,7 52,2 53,16 54,16 55,20 56,11 57,15 58,9 59,14 60,20 61,4 62,17 63,5 64,1 65,18 66,18 67,6 68,16 69,7 70,5 71,9 72,20 73,12 74,1 75,16 76,16 77,5 78,1 79,8 
0,11 1,14 2,1 3,5 4,14 5,2 6,2 7,13 8,3 9,10 10,7 11,17 12,12 13,11 14,14 15,15 16,1 17,16 18,3 19,19 20,5 21,8 22,7 23,1 24,19 25,19 26,19 27,20 28,18 29,7 30,4 31,1 32,10 33,19 34,15 35,6 36,20 37,7 38,20 40,2 41,11 42,14 43,4 44,18 45,1 46,15 47,1 48,7 49,4 50,6 51,7 52,19 53,2 54,3 55,12 56,19 57,20 58,17 59,6 60,19 61,13 62,14 63,10 64,4 65,6 66,5 67,19 68,2 69,17 70,7 71,4 72,7 73,12 74,19 75,5 76,5 77,13 78,5 79,11 
0,2 1,4 2,1 3,9 4,9 5,2 6,8 7,9 8,6 9,7 10,9 11,10 12,11 13,7 14,7 15,14 16,13 17,12 18,6 19,17 20,15 21,10 22,19 23,17 24,17 25,6 26,14 27,14 28,20 29,17 30,15 31,18 32,14 33,13 34,17 35,20 36,17 37,3 38,14 39,2 41,8 42,10 43,9 44,7 45,3 46,11 47,18 48,13 49,3 50,6 51,18 52,1 53,18 54,3 55,10 56,1 57,20 58,6 59,12 60,2 61,2 62,10 63,5 64,1 65,1 66,15 67,17 68,17 69,7 70,13 71,20 72,15 73,14 74,8 75,13 76,16 77,19 78,2 79,8 
0,14 1,2 2,2 3,15 4,6 5,12 6,16 7,2 8,9 9,3 10,3 11,12 12,14 13,8 14,5 15,4 16,20 17,20 18,10 19,18 20,4 21,1 22,10 23,18 24,2 25,17 26,11 27,16 28,4 29,6 30,2 31,12 32,19 33,9 34,19 35,9 36,16 37,9 38,1 39,11 40,8 42,1 43,7 44,5 45,13 46,16 47,19 48,2 49,8 50,18 51,7 52,19 53,19 54,20 55,20 56,15 57,20 58,1 59,9 60,16 61,9 62,8 63,8 64,8 65,2 66,1 67,16 68,14 69,8 70,6 71,7 72,7 73,18 74,13 75,3 76,10 77,20 78,1 79,3 
0,7 1,20 2,17 3,7 4,18 5,5 6,7 7,18 8,19 9,18 10,16 11,15 12,7 13,8 14,15 15,7 16,9 17,4 18,1 19,12 20,6 21,14 22,8 23,2 24,20 25,14 26,17 27,14 28,9 29,8 30,19 31,7 32,10 33,20 34,3 35,14 36,12 37,8 38,16 39,14 40,10 41,1 43,7 44,19 45,1 46,18 47,9 48,20 49,17 50,4 51,12 52,9 53,4 54,19 55,18 56,11 57,19 58,5 59,4 60,11 61,12 62,9 63,19 64,17 65,15 66,5 67,6 68,19 69,8 70,15 71,18 72,20 73,17 74,5 75,18 76,17 77,14 78,7 79,9 
0,15 1,9 2,13 3,19 4,20 5,12 6,10 7,15 8,5 9,9 10,1 11,2 12,12 13,19 14,7 15,11 16,11 17,14 18,9 19,18 20,12 21,14 22,1 23,3 24,16 25,16 26,2 27,20 28,18 29,2 30,10 31,11 32,19 33,18 34,16 35,10 36,20 37,3 38,1 39,4 40,9 41,7 42,7 44,10 45,2 46,20 47,19 48,17 49,18 50,8 51,20 52,16 53,4 54,15 55,7 56,16 57,4 58,17 59,4 60,10 61,13 62,10 63,1 64,20 65,16 66,18 67,12 68,5 69,14 70,9 71,13 72,7 73,7 74,1 75,9 76,20 77,12 78,19 79,9 
0,14 1,10 2,14 3,10 4,4 5,11 6,6 7,15 8,18 9,5 10,3 11,15 12,6 13,12 14,13 15,11 16,11 17,10 18,7 19,7 20,15 21,14 22,10 23,19 24,5 25,14 26,7 27,18 28,8 29,15 30,7 31,3 32,13 33,6 34,15 35,14 36,16 37,19 38,5 39,18 40,7 41,5 42,19 43,10 45,2 46,6 47,8 48,9 49,9 50,2 51,7 52,16 53,17 54,3 55,20 56,7 57,16 58,1 59,19 60,7 61,8 62,16 63,18 64,12 65,2 66,19 67,5 68,8 69,5 70,17 71,8 72,17 73,1 74,6 75,5 76,2 77,11 78,12 79,10 
0,19 1,14 2,1 3,8 4,6 5,12 6,17 7,11 8,1 9,16 10,1 11,15 12,12 13,14 14,15 15,4 16,4 17,6 18,1 19,13 20,10 21,3 22,17 23,9 24,5 25,7 26,2 27,16 28,4 29,10 30,13 31,4 32,1 33,11 34,6 35,12 36,17 37,18 38,4 39,1 40,3 41,13 42,1 43,2 44,2 46,12 47,5 48,17 49,7 50,2 51,11 52,18 53,20 54,6 55,10 56,18 57,5 58,18 59,5 60,2 61,1 62,6 63,12 64,5 65,6 66,9 67,14 68,13 69,5 70,14 71,11 72,9 73,7 74,13 75,12 76,16 77,4 78,8 79,4 
0,5 1,17 2,5 3,8 4,9 5,8 6,8 7,6 8,13 9,13 10,3 11,1 12,3 13,3 14,5 15,7 16,18 17,5 18,17 19,5 20,17 21,8 22,12 23,12 24,16 25,13 26,3 27,15 28,4 29,20 30,13 31,19 32,1 33,10 34,20 35,7 36,12 37,4 38,12 39,15 40,11 41,16 42,18 43,20 44,6 45,12 47,3 48,9 49,15 50,20 51,20 52,12 53,2 54,9 55,8 56,19 57,14 58,2 59,19 60,11 61,13 62,16 63,8 64,1 65,1 66,1 67,17 68,14 69,3 70,5 71,12 72,15 73,8 74,7 75,19 76,16 77,3 78,13 79,16 
0,16 1,13 2,3 3,13 4,19 5,1 6,9 7,2 8,9 9,15 10,9 11,16 12,20 13,8 14,6 15,7 16,3 17,3 18,9 19,17 20,13 21,17 22,16 23,9 24,12 25,14 26,15 27,8 28,13 29,5 30,13 31,7 32,13 33,17 34,4 35,7 36,15 37,18 38,14 39,1 40,18 41,19 42,9 43,19 44,8 45,5 46,3 48,9 49,4 50,8 51,12 52,5 53,16 54,20 55,15 56,1 57,1 58,14 59,4 60,5 61,1 62,11 63,6 64,1 65,11 66,2 67,6 68,5 69,19 70,17 71,20 72,6 73,15 74,10 75,13 76,17 77,2 78,9 79,5 
0,1 1,6 2,9 3,11 4,16 5,17 6,8 7,18 8,7 9,8 10,18 11,4 12,15 13,13 14,19 15,10 16,6 17,14 18,15 19,2 20,18 21,11 22,20 23,4 24,8 25,17 26,16 27,8 28,8 29,12 30,6 31,19 32,11 33,8 34,15 35,9 36,2 37,16 38,1 39,7 40,13 41,2 42,20 43,17 44,9 45,17 46,9 47,9 49,5 50,16 51,9 52,2 53,3 54,8 55,16 56,16 57,20 58,9 59,19 60,4 61,9 62,9 63,9 64,1 65,12 66,3 67,6 68,16 69,1 70,2 71,15 72,18 73,9 74,16 75,11 76,5 77,17 78,11 79,2 
0,16 1,18 2,17 3,8 4,19 5,16 6,11 7,5 8,6 9,11 10,18 11,2 12,10 13,11 14,9 15,17 16,8 17,3 18,10 19,20 20,15 21,12 22,7 23,9 24,16 25,4 26,2 27,12 28,4 29,11 30,14 31,10 32,1 33,9 34,16 35,11 36,19 37,7 38,6 39,4 40,3 41,8 42,17 43,18 44,9 45,7 46,15 47,4 48,5 50,14 51,18 52,10 53,15 54,12 55,9 56,10 57,7 58,8 59,11 60,17 61,11 62,11 63,6 64,20 65,12 66,9 67,14 68,17 69,4 70,14 71,11 72,11 73,3 74,19 75,6 76,5 77,15 78,15 79,15 
0,19 1,14 2,8 3,9 4,1 5,17 6,7 7,16 8,17 9,6 10,18 11,10 12,4 13,6 14,18 15,15 16,12 17,8 18,4 19,20 20,18 21,9 22,4 23,1 24,6 25,13 26,19 27,4 28,9 29,20 30,5 31,9 32,12 33,9 34,16 35,5 36,9 37,4 38,18 39,6 40,6 41,18 42,4 43,8 44,2 45,2 46,20 47,8 48,16 49,14 51,8 52,8 53,4 54,17 55,2 56,8 57,5 58,3 59,14 60,12 61,13 62,3 63,3 64,4 65,8 66,14 67,15 68,8 69,7 70,3 71,11 72,12 73,5 74,13 75,14 76,15 77,11 78,19 79,10 
0,3 1,4 2,19 3,3 4,19 5,14 6,3 7,14 8,20 9,6 10,3 11,20 12,20 13,20 14,3 15,10 16,8 17,9 18,16 19,12 20,7 21,11 22,3 23,7 24,1 25,14 26,4 27,9 28,5 29,11 30,18 31,19 32,8 33,4 34,2 35,13 36,12 37,12 38,7 39,7 40,18 41,7 42,12 43,20 44,7 45,11 46,20 47,12 48,9 49,18 50,8 52,5 53,5 54,17 55,4 56,1 57,6 58,5 59,8 60,2 61,19 62,13 63,14 64,12 65,15 66,8 67,15 68,14 69,13 70,1 71,1 72,11 73,3 74,4 75,14 76,20 77,8 78,7 79,14 
0,4 1,4 2,8 3,18 4,16 5,9 6,7 7,8 8,12 9,16 10,3 11,4 12,13 13,14 14,9 15,20 16,11 17,3 18,20 19,10 20,3 21,5 22,11 23,1 24,17 25,6 26,15 27,5 28,12 29,13 30,14 31,17 32,9 33,12 34,4 35,11 36,2 37,5 38,2 39,19 40,1 41,19 42,9 43,16 44,16 45,18 46,12 47,5 48,2 49,10 50,8 51,5 53,18 54,17 55,3 56,14 57,14 58,12 59,17 60,6 61,9 62,13 63,5 64,10 65,12 66,9 67,15 68,15 69,16 70,14 71,9 72,1 73,6 74,9 75,2 76,8 77,3 78,17 79,1 
0,10 1,19 2,14 3,10 4,19 5,18 6,16 7,20 8,7 9,20 10,7 11,19 12,1 13,8 14,3 15,3 16,18 17,1 18,14 19,11 20,3 21,7 22,14 23,7 24,19 25,16 26,9 27,13 28,10 29,6 30,13 31,7 32,2 33,20 34,14 35,19 36,1 37,8 38,16 39,2 40,18 41,19 42,4 43,4 44,17 45,20 46,2 47,16 48,3 49,15 50,4 51,5 52,18 54,2 55,4 56,20 57,16 58,14 59,8 60,10 61,7 62,13 63,13 64,16 65,18 66,1 67,20 68,14 69,11 70,11 71,3 72,5 73,5 74,18 75,19 76,5 77,18 78,16 79,5 
0,2 1,19 2,10 3,3 4,17 5,20 6,18 7,6 8,3 9,7 10,10 11,16 12,4 13,2 14,14 15,5 16,19 17,15 18,17 19,2 20,20 21,9 22,16 23,9 24,2 25,6 26,10 27,9 28,13 29,10 30,15 31,18 32,5 33,17 34,16 35,20 36,9 37,12 38,16 39,3 40,3 41,20 42,19 43,15 44,3 45,6 46,9 47,20 48,8 49,12 50,17 51,17 52,17 53,2 55,11 56,4 57,8 58,19 59,16 60,9 61,15 62,15 63,16 64,8 65,15 66,6 67,6 68,7 69,18 70,13 71,17 72,11 73,13 74,2 75,1 76,15 77,4 78,17 79,12 
0,12 1,16 2,8 3,16 4,19 5,18 6,10 7,18 8,10 9,14 10,16 11,18 12,9 13,17 14,1 15,19 16,7 17,10 18,16 19,6 20,5 21,4 22,4 23,19 24,13 25,4 26,13 27,12 28,17 29,4 30,13 31,6 32,6 33,12 34,17 35,4 36,18 37,17 38,20 39,12 40,10 41,20 42,18 43,7 44,20 45,10 46,8 47,15 48,16 49,9 50,2 51,4 52,3 53,4 54,11 56,13 57,15 58,16 59,3 60,3 61,1 62,5 63,18 64,20 65,4 66,13 67,8 68,10 69,20 70,4 71,17 72,6 73,1 74,14 75,12 76,10 77,19 78,20 79,20 
0,2 1,2 2,11 3,17 4,8 5,13 6,7 7,2 8,14 9,13 10,1 11,11 12,8 13,2 14,16 15,1 16,15 17,9 18,5 19,18 20,10 21,8 22,15 23,9 24,4 25,7 26,12 27,17 28,7 29,4 30,14 31,14 32,3 33,17 34,11 35,8 36,19 37,20 38,11 39,19 40,1 41,15 42,11 43,16 44,7 45,18 46,19 47,1 48,16 49,10 50,8 51,1 52,14 53,20 54,4 55,13 57,11 58,2 59,12 60,17 61,17 62,9 63,8 64,10 65,15 66,16 67,4 68,9 69,8 70,8 71,6 72,7 73,3 74,11 75,6 76,12 77,10 78,1 79,20 
0,15 1,17 2,9 3,4 4,13 5,9 6,15 7,13 8,2 9,11 10,15 11,4 12,12 13,15 14,5 15,13 16,11 17,11 18,11 19,20 20,6 21,1 22,6 23,6 24,8 25,5 26,4 27,2 28,15 29,13 30,6 31,14 32,1 33,8 34,14 35,6 36,10 37,10 38,15 39,20 40,20 41,20 42,19 43,4 44,16 45,5 46,14 47,1 48,20 49,7 50,5 51,6 52,14 53,16 54,8 55,15 56,11 58,7 59,1 60,14 61,10 62,3 63,12 64,10 65,14 66,14 67,3 68,6 69,10 70,19 71,6 72,10 73,20 74,12 75,5 76,3 77,13 78,12 79,3 
0,12 1,12 2,11 3,13 4,15 5,14 6,2 7,6 8,9 9,16 10,17 11,5 12,12 13,20 14,11 15,1 16,11 17,18 18,2 19,19 20,13 21,15 22,3 23,20 24,15 25,16 26,14 27,14 28,2 29,6 30,1 31,1 32,14 33,5 34,19 35,12 36,20 37,18 38,9 39,17 40,6 41,1 42,5 43,17 44,1 45,18 46,2 47,14 48,9 49,8 50,3 51,5 52,12 53,14 54,19 55,16 56,2 57,7 59,18 60,10 61,5 62,20 63,15 64,17 65,1 66,16 67,8 68,7 69,8 70,1 71,17 72,10 73,4 74,6 75,16 76,9 77,20 78,13 79,11 
0,14 1,7 2,1 3,6 4,20 5,10 6,16 7,15 8,15 9,18 10,16 11,8 12,8 13,9 14,1 15,9 16,13 17,9 18,14 19,7 20,14 21,5 22,16 23,16 24,9 25,9 26,19 27,1 28,10 29,15 30,15 31,14 32,18 33,11 34,6 35,8 36,7 37,3 38,14 39,6 40,12 41,9 42,4 43,4 44,19 45,5 46,19 47,4 48,19 49,11 50,14 51,8 52,17 53,8 54,16 55,3 56,12 57,1 58,18 60,10 61,18 62,20 63,10 64,1 65,16 66,4 67,13 68,19 69,6 70,3 71,8 72,3 73,14 74,2 75,11 76,15 77,9 78,18 79,1 
0,14 1,8 2,20 3,6 4,19 5,14 6,15 7,8 8,16 9,2 10,2 11,15 12,1 13,1 14,12 15,9 16,19 17,5 18,14 19,11 20,11 21,2 22,19 23,18 24,20 25,1 26,11 27,14 28,8 29,16 30,2 31,15 32,20 33,4 34,2 35,14 36,12 37,13 38,20 39,19 40,2 41,16 42,11 43,10 44,7 45,2 46,11 47,5 48,4 49,17 50,12 51,2 52,6 53,10 54,9 55,3 56,17 57,14 58,10 59,10 61,9 62,11 63,17 64,10 65,6 66,14 67,5 68,15 69,13 70,17 71,5 72,3 73,6 74,16 75,4 76,7 77,11 78,7 79,11 
0,8 1,9 2,16 3,14 4,12 5,4 6,2 7,1 8,3 9,4 10,6 11,7 12,12 13,19 14,7 15,16 16,13 17,7 18,4 19,4 20,18 21,10 22,1 23,12 24,18 25,10 26,13 27,19 28,10 29,3 30,12 31,20 32,12 33,18 34,18 35,16 36,7 37,14 38,4 39,13 40,2 41,9 42,12 43,13 44,8 45,1 46,13 47,1 48,9 49,11 50,13 51,19 52,9 53,7 54,15 55,1 56,17 57,10 58,5 59,18 60,9 62,9 63,5 64,5 65,8 66,7 67,19 68,1 69,17 70,13 71,10 72,14 73,5 74,18 75,4 76,2 77,19 78,10 79,7 
0,4 1,18 2,10 3,10 4,6 5,13 6,13 7,14 8,4 9,17 10,11 11,5 12,2 13,20 14,9 15,19 16,12 17,13 18,20 19,10 20,17 21,14 22,17 23,17 24,13 25,5 26,2 27,20 28,14 29,6 30,17 31,3 32,19 33,10 34,4 35,3 36,5 37,17 38,17 39,14 40,10 41,8 42,9 43,10 44,16 45,6 46,16 47,11 48,9 49,11 50,3 51,13 52,13 53,13 54,15 55,5 56,9 57,3 58,20 59,20 60,11 61,9 63,4 64,16 65,12 66,20 67,12 68,6 69,6 70,19 71,9 72,4 73,9 74,7 75,6 76,9 77,11 78,11 79,16 
0,16 1,12 2,20 3,19 4,1 5,2 6,4 7,10 8,14 9,5 10,20 11,15 12,14 13,5 14,5 15,11 16,8 17,18 18,20 19,17 20,18 21,1 22,6 23,15 24,12 25,2 26,3 27,19 28,18 29,3 30,8 31,9 32,17 33,5 34,18 35,19 36,19 37,19 38,5 39,10 40,5 41,8 42,19 43,1 44,18 45,12 46,8 47,6 48,9 49,6 50,3 51,14 52,5 53,13 54,16 55,18 56,8 57,12 58,15 59,10 60,17 61,5 62,4 64,9 65,1 66,8 67,5 68,13 69,17 70,11 71,9 72,6 73,6 74,10 75,5 76,7 77,9 78,20 79,2 
0,19 1,9 2,14 3,10 4,1 5,3 6,13 7,12 8,9 9,6 10,9 11,14 12,2 13,7 14,10 15,19 16,14 17,20 18,16 19,9 20,19 21,8 22,3 23,10 24,13 25,7 26,7 27,5 28,2 29,4 30,13 31,11 32,8 33,13 34,13 35,3 36,13 37,10 38,1 39,4 40,1 41,8 42,17 43,20 44,12 45,5 46,1 47,1 48,1 49,20 50,4 51,12 52,10 53,16 54,8 55,20 56,10 57,10 58,17 59,1 60,10 61,5 62,16 63,9 65,20 66,19 67,5 68,5 69,4 70,3 71,5 72,19 73,3 74,11 75,5 76,11 77,14 78,15 79,18 
0,2 1,5 2,17 3,8 4,14 5,1 6,7 7,5 8,3 9,9 10,14 11,10 12,4 13,13 14,15 15,8 16,2 17,18 18,6 19,12 20,20 21,12 22,12 23,6 24,16 25,8 26,10 27,4 28,6 29,14 30,4 31,9 32,1 33,16 34,1 35,13 36,1 37,7 38,18 39,6 40,1 41,2 42,15 43,16 44,2 45,6 46,1 47,11 48,12 49,12 50,8 51,15 52,12 53,18 54,15 55,4 56,15 57,14 58,1 59,16 60,6 61,8 62,12 63,1 64,20 66,2 67,15 68,6 69,19 70,19 71,14 72,1 73,19 74,12 75,6 76,9 77,8 78,5 79,9 
0,19 1,3 2,2 3,6 4,10 5,19 6,6 7,6 8,13 9,17 10,11 11,6 12,4 13,6 14,16 15,11 16,2 17,5 18,4 19,19 20,13 21,4 22,14 23,2 24,11 25,17 26,11 27,15 28,10 29,14 30,20 31,8 32,17 33,9 34,3 35,18 36,12 37,16 38,18 39,5 40,15 41,1 42,5 43,18 44,19 45,9 46,1 47,2 48,3 49,9 50,14 51,8 52,9 53,1 54,6 55,13 56,16 57,14 58,16 59,4 60,14 61,7 62,20 63,8 64,19 65,2 67,7 68,18 69,8 70,17 71,3 72,12 73,1 74,5 75,16 76,11 77,20 78,18 79,15 
0,15 1,12 2,14 3,15 4,10 5,18 6,15 7,11 8,20 9,3 10,8 11,2 12,6 13,15 14,20 15,5 16,16 17,1 18,11 19,4 20,1 21,2 22,10 23,8 24,18 25,13 26,16 27,14 28,11 29,10 30,3 31,18 32,12 33,7 34,8 35,5 36,12 37,8 38,6 39,19 40,17 41,16 42,6 43,12 44,5 45,14 46,17 47,6 48,6 49,14 50,15 51,15 52,15 53,20 54,6 55,8 56,4 57,3 58,8 59,13 60,5 61,19 62,12 63,5 64,5 65,15 66,7 68,2 69,11 70,1 71,12 72,5 73,7 74,17 75,15 76,5 77,2 78,15 79,16 
0,5 1,9 2,9 3,14 4,15 5,2 6,8 7,16 8,16 9,17 10,9 11,4 12,10 13,18 14,7 15,2 16,8 17,2 18,16 19,9 20,7 21,9 22,7 23,12 24,2 25,10 26,11 27,5 28,12 29,1 30,1 31,9 32,20 33,15 34,1 35,18 36,7 37,10 38,16 39,2 40,17 41,14 42,19 43,5 44,8 45,13 46,14 47,5 48,16 49,17 50,8 51,14 52,15 53,14 54,7 55,10 56,9 57,6 58,7 59,19 60,15 61,1 62,6 63,13 64,5 65,6 66,18 67,2 69,5 70,12 71,4 72,12 73,16 74,12 75,10 76,14 77,11 78,7 79,16 
0,13 1,2 2,18 3,19 4,12 5,18 6,20 7,3 8,15 9,14 10,18 11,11 12,19 13,7 14,12 15,4 16,17 17,8 18,20 19,11 20,15 21,11 22,2 23,14 24,6 25,9 26,20 27,1 28,4 29,20 30,8 31,19 32,2 33,2 34,10 35,10 36,10 37,11 38,7 39,17 40,7 41,8 42,8 43,14 44,5 45,5 46,3 47,19 48,1 49,4 50,7 51,13 52,16 53,11 54,18 55,20 56,8 57,10 58,8 59,6 60,13 61,17 62,6 63,17 64,4 65,19 66,8 67,11 68,5 70,14 71,19 72,12 73,1 74,9 75,11 76,18 77,4 78,5 79,1 
0,5 1,5 2,6 3,20 4,15 5,12 6,9 7,15 8,15 9,12 10,14 11,18 12,10 13,17 14,6 15,11 16,8 17,8 18,6 19,2 20,5 21,1 22,8 23,20 24,8 25,3 26,6 27,5 28,20 29,8 30,18 31,18 32,1 33,5 34,14 35,2 36,12 37,6 38,5 39,7 40,13 41,6 42,15 43,9 44,17 45,14 46,5 47,17 48,2 49,14 50,3 51,1 52,14 53,11 54,13 55,4 56,8 57,19 58,1 59,3 60,17 61,13 62,19 63,11 64,3 65,19 66,17 67,1 68,12 69,14 71,16 72,16 73,5 74,3 75,4 76,19 77,19 78,17 79,5 
0,7 1,13 2,10 3,3 4,3 5,3 6,7 7,16 8,13 9,15 10,9 11,5 12,20 13,16 14,13 15,7 16,20 17,13 18,2 19,17 20,1 21,18 22,17 23,8 24,10 25,7 26,5 27,18 28,11 29,9 30,8 31,6 32,5 33,19 34,9 35,17 36,3 37,4 38,9 39,4 40,20 41,7 42,18 43,13 44,8 45,11 46,12 47,20 48,15 49,11 50,11 51,1 52,9 53,3 54,17 55,17 56,6 57,6 58,17 59,8 60,5 61,10 62,9 63,9 64,5 65,14 66,3 67,12 68,4 69,19 70,16 72,14 73,2 74,16 75,9 76,5 77,12 78,12 79,15 
0,18 1,4 2,19 3,5 4,17 5,9 6,15 7,16 8,15 9,16 10,12 11,2 12,5 13,6 14,9 15,8 16,9 17,19 18,9 19,20 20,10 21,11 22,11 23,3 24,19 25,5 26,2 27,17 28,7 29,6 30,9 31,2 32,12 33,10 34,9 35,10 36,17 37,12 38,20 39,7 40,15 41,7 42,20 43,7 44,17 45,9 46,15 47,6 48,18 49,11 50,12 51,11 52,1 53,5 54,11 55,6 56,7 57,10 58,10 59,3 60,3 61,14 62,4 63,6 64,19 65,1 66,12 67,5 68,12 69,12 70,16 71,14 73,5 74,2 75,13 76,12 77,15 78,3 79,15 
0,4 1,5 2,3 3,18 4,4 5,16 6,15 7,12 8,13 9,1 10,9 11,12 12,16 13,16 14,20 15,17 16,16 17,3 18,18 19,13 20,3 21,14 22,15 23,1 24,8 25,8 26,14 27,10 28,8 29,8 30,16 31,5 32,2 33,16 34,9 35,16 36,3 37,5 38,12 39,12 40,14 41,18 42,17 43,7 44,1 45,7 46,8 47,15 48,9 49,3 50,5 51,3 52,6 53,5 54,13 55,1 56,3 57,20 58,4 59,14 60,6 61,5 62,9 63,6 64,3 65,19 66,1 67,7 68,16 69,1 70,5 71,2 72,5 74,7 75,11 76,18 77,5 78,6 79,2 
0,13 1,13 2,2 3,1 4,14 5,6 6,17 7,10 8,9 9,4 10,9 11,7 12,3 13,14 14,11 15,9 16,2 17,18 18,2 19,14 20,4 21,4 22,18 23,3 24,6 25,14 26,18 27,17 28,20 29,10 30,17 31,17 32,15 33,16 34,5 35,18 36,15 37,18 38,1 39,19 40,8 41,13 42,5 43,1 44,6 45,13 46,7 47,10 48,16 49,19 50,13 51,4 52,9 53,18 54,2 55,14 56,11 57,12 58,6 59,2 60,16 61,18 62,7 63,10 64,11 65,12 66,5 67,17 68,12 69,9 70,3 71,16 72,2 73,7 75,17 76,2 77,17 78,13 79,4 
0,11 1,5 2,13 3,6 4,12 5,11 6,12 7,10 8,12 9,20 10,14 11,8 12,2 13,9 14,1 15,18 16,19 17,8 18,16 19,18 20,17 21,4 22,20 23,2 24,3 25,11 26,8 27,6 28,7 29,12 30,16 31,16 32,17 33,8 34,15 35,16 36,4 37,10 38,16 39,5 40,13 41,3 42,18 43,9 44,5 45,12 46,19 47,13 48,11 49,6 50,14 51,14 52,2 53,19 54,1 55,12 56,6 57,5 58,16 59,11 60,4 61,4 62,6 63,5 64,5 65,6 66,16 67,15 68,10 69,11 70,4 71,9 72,13 73,11 74,17 76,20 77,3 78,2 79,8 
0,14 1,10 2,3 3,5 4,9 5,7 6,3 7,15 8,5 9,17 10,9 11,6 12,19 13,9 14,6 15,20 16,11 17,9 18,10 19,17 20,4 21,9 22,12 23,10 24,4 25,15 26,15 27,17 28,4 29,9 30,20 31,20 32,2 33,7 34,14 35,7 36,11 37,2 38,16 39,5 40,16 41,10 42,17 43,20 44,2 45,16 46,16 47,17 48,5 49,5 50,15 51,20 52,8 53,5 54,15 55,10 56,12 57,3 58,9 59,15 60,7 61,2 62,9 63,7 64,11 65,9 66,11 67,5 68,14 69,18 70,19 71,5 72,12 73,18 74,2 75,20 77,7 78,8 79,9 
0,9 1,9 2,19 3,1 4,15 5,6 6,4 7,16 8,1 9,8 10,4 11,19 12,6 13,9 14,16 15,15 16,20 17,2 18,10 19,18 20,1 21,11 22,1 23,14 24,1 25,19 26,12 27,3 28,3 29,1 30,9 31,7 32,7 33,17 34,16 35,5 36,18 37,13 38,5 39,13 40,19 41,20 42,14 43,12 44,11 45,4 46,3 47,2 48,17 49,15 50,11 51,8 52,3 53,18 54,4 55,19 56,10 57,13 58,20 59,9 60,11 61,19 62,11 63,9 64,14 65,8 66,20 67,2 68,11 69,4 70,19 71,12 72,15 73,5 74,17 75,3 76,7 78,2 79,16 
0,7 1,18 2,7 3,18 4,10 5,12 6,20 7,12 8,12 9,15 10,15 11,4 12,1 13,16 14,18 15,16 16,2 17,3 18,16 19,14 20,9 21,13 22,7 23,2 24,7 25,4 26,14 27,13 28,11 29,16 30,8 31,2 32,9 33,16 34,19 35,2 36,19 37,19 38,1 39,5 40,2 41,1 42,7 43,19 44,12 45,8 46,13 47,9 48,11 49,15 50,19 51,7 52,17 53,16 54,17 55,20 56,1 57,12 58,13 59,18 60,7 61,10 62,11 63,20 64,15 65,5 66,18 67,15 68,7 69,5 70,17 71,12 72,3 73,6 74,13 75,2 76,8 77,2 79,14 
0,14 1,15 2,11 3,8 4,17 5,15 6,2 7,12 8,11 9,16 10,7 11,1 12,13 13,1 14,16 15,1 16,17 17,2 18,4 19,10 20,2 21,19 22,3 23,5 24,11 25,3 26,11 27,4 28,11 29,20 30,18 31,18 32,4 33,6 34,20 35,8 36,12 37,10 38,8 39,11 40,8 41,3 42,9 43,9 44,10 45,4 46,16 47,5 48,2 49,15 50,10 51,14 52,1 53,5 54,12 55,20 56,20 57,3 58,11 59,1 60,11 61,7 62,16 63,2 64,18 65,9 66,15 67,16 68,16 69,1 70,5 71,15 72,15 73,2 74,4 75,8 76,9 77,16 78,14 
