50
1,7 2,11 3,1 7,11 8,20 9,5 11,20 14,12 15,12 16,8 17,5 22,9 23,15 25,8 26,8 28,14 29,10 31,8 32,8 34,12 36,18 37,14 40,6 41,17 43,11 49,4 
0,7 4,18 16,6 21,16 22,4 24,17 27,17 30,19 31,8 39,4 44,10 
0,11 22,19 24,2 25,8 26,12 30,10 31,13 33,11 40,13 48,16 
0,1 4,1 5,6 10,4 12,13 13,10 14,12 16,15 22,3 23,18 26,14 30,12 35,16 37,3 41,1 43,13 
1,18 3,1 6,20 7,8 12,11 14,13 15,9 19,14 23,9 25,11 26,16 30,18 31,8 37,14 43,15 
3,6 6,18 7,5 8,18 10,2 11,20 12,19 13,19 16,11 17,15 20,16 24,12 25,18 26,10 28,5 30,12 37,2 38,18 41,7 43,2 45,3 46,9 47,18 
4,20 5,18 15,13 24,14 26,2 29,8 41,11 44,18 
0,11 4,8 5,5 8,14 10,19 11,15 12,16 14,10 19,2 20,2 24,3 26,11 27,20 35,9 38,11 40,3 48,8 
0,20 5,18 7,14 9,12 10,11 15,12 16,12 17,20 22,13 27,6 29,2 30,3 31,8 35,11 39,19 40,8 42,13 46,10 48,16 
0,5 8,12 17,16 21,19 23,7 25,13 30,7 34,11 36,19 41,9 
3,4 5,2 7,19 8,11 12,16 15,18 16,13 19,7 20,20 23,8 27,18 29,16 33,13 37,18 38,6 39,9 41,18 43,9 45,14 47,2 48,4 
0,20 5,20 7,15 12,11 14,6 17,12 21,3 22,9 24,11 28,15 29,11 31,10 33,9 34,17 35,16 36,6 40,1 44,9 48,7 49,9 
3,13 4,11 5,19 7,16 10,16 11,11 15,8 16,20 19,16 21,20 24,5 28,5 32,19 34,9 35,16 36,17 38,8 41,9 42,10 46,8 48,19 49,8 
3,10 5,19 16,4 18,18 21,10 25,16 26,4 31,11 38,7 41,3 
0,12 3,12 4,13 7,10 11,6 21,11 22,18 26,20 27,6 28,14 31,17 33,16 39,4 40,6 44,11 48,13 
0,12 4,9 6,13 8,12 10,18 12,8 19,17 29,14 31,13 33,8 36,6 39,5 42,6 
0,8 1,6 3,15 5,11 8,12 10,13 12,20 13,4 17,16 18,2 19,18 22,9 25,1 29,6 39,5 41,12 44,9 
0,5 5,15 8,20 9,16 11,12 16,16 21,5 22,1 24,9 26,14 27,20 31,8 
13,18 16,2 20,12 21,12 22,2 25,9 26,5 29,14 30,1 31,3 32,5 34,10 35,20 37,14 38,15 41,10 42,18 48,10 
4,14 7,2 10,7 12,16 15,17 16,18 21,13 29,17 30,16 31,11 39,9 41,6 44,4 47,12 
5,16 7,2 10,20 18,12 21,16 24,1 26,12 29,2 42,14 49,16 
1,16 9,19 11,3 12,20 13,10 14,11 17,5 18,12 19,13 20,16 22,10 23,10 25,11 29,3 31,12 33,3 41,15 45,9 48,9 
0,9 1,4 2,19 3,3 8,13 11,9 14,18 16,9 17,1 18,2 21,10 24,19 25,3 30,14 32,2 33,3 35,10 37,16 38,10 48,13 49,10 
0,15 3,18 4,9 9,7 10,8 21,10 24,8 26,1 27,2 29,7 31,12 33,11 37,16 
1,17 2,2 5,12 6,14 7,3 11,11 12,5 17,9 20,1 22,19 23,8 25,4 29,15 30,6 31,16 32,1 37,3 39,7 42,18 45,20 48,20 
0,8 2,8 4,11 5,18 9,13 13,16 16,1 18,9 21,11 22,3 24,4 33,3 38,7 41,5 44,7 47,14 
0,8 2,12 3,14 4,16 5,10 6,2 7,11 13,4 14,20 17,14 18,5 20,12 23,1 27,8 30,3 38,6 39,19 42,7 
1,17 7,20 8,6 10,18 14,6 17,20 23,2 26,8 29,3 31,17 33,18 48,12 
0,14 5,5 11,15 12,5 14,14 
0,10 6,8 8,2 10,16 11,11 15,14 16,6 18,14 19,17 20,2 21,3 23,7 24,15 27,3 33,15 35,8 36,5 37,16 38,10 41,14 44,1 45,7 46,16 48,2 
1,19 2,10 3,12 4,18 5,12 8,3 9,7 18,1 19,16 22,14 24,6 26,3 37,8 40,14 48,2 49,20 
0,8 1,8 2,13 4,8 8,8 11,10 13,11 14,17 15,13 17,8 18,3 19,11 21,12 23,12 24,16 27,17 33,18 34,15 39,12 40,1 42,2 43,4 44,7 45,13 
0,8 12,19 18,5 22,2 24,1 37,14 39,14 
2,11 10,13 11,9 14,16 15,8 21,3 22,3 23,11 25,3 27,18 29,15 31,18 34,9 35,7 37,4 40,5 42,9 45,14 
0,12 9,11 11,17 12,9 18,10 31,15 33,9 41,10 44,2 
3,16 7,9 8,11 11,16 12,16 18,20 22,10 29,8 33,7 44,16 48,2 
0,18 9,19 11,6 12,17 15,6 29,5 40,17 47,3 
0,14 3,3 4,14 5,2 10,18 18,14 22,16 23,16 24,3 29,16 30,8 32,14 33,4 41,3 44,11 45,9 48,11 
5,18 7,11 10,6 12,8 13,7 18,15 22,10 25,7 26,6 29,10 40,6 42,11 
1,4 8,19 10,9 14,4 15,5 16,5 19,9 24,7 26,19 31,12 32,14 40,3 
0,6 2,13 7,3 8,8 11,1 14,6 30,14 31,1 33,5 36,17 38,6 39,3 41,20 42,4 44,1 
0,17 3,1 5,7 6,11 9,9 10,18 12,9 13,3 16,12 18,10 19,6 21,15 25,5 29,14 34,10 37,3 40,20 44,4 
8,13 12,10 15,6 18,18 20,14 24,18 26,7 31,2 33,9 38,11 40,4 
0,11 3,13 4,15 5,2 10,9 31,4 44,20 
1,10 6,18 11,9 14,11 16,9 19,4 25,7 29,1 31,7 34,2 35,16 37,11 40,1 41,4 43,20 48,6 49,18 
5,3 10,14 21,9 24,20 29,7 31,13 33,14 37,9 47,17 
5,9 8,10 12,8 29,16 
5,18 10,2 19,12 25,14 36,3 45,17 
2,16 7,8 8,16 10,4 11,7 12,19 14,13 18,10 21,9 22,13 24,20 27,12 29,2 30,2 35,2 37,11 44,6 
0,4 11,9 12,8 20,16 22,10 30,20 44,18 
