80
5,19 7,5 11,15 21,2 25,2 26,19 27,13 28,1 31,5 32,18 37,7 38,1 40,8 41,8 46,4 47,8 49,16 50,14 51,6 59,14 60,20 62,3 63,11 67,14 68,9 70,10 74,7 75,1 79,13 
4,14 7,2 10,19 16,16 23,20 31,19 37,10 40,15 47,8 48,18 51,19 58,1 63,17 68,6 71,11 73,4 76,10 
0,16 1,18 6,14 7,18 9,13 11,6 14,12 23,10 24,14 32,6 34,3 35,8 41,2 48,5 52,12 56,1 57,3 58,17 61,7 67,20 68,2 74,16 75,1 76,18 77,19 78,8 79,14 
11,12 17,16 24,9 31,7 32,13 36,12 38,3 51,10 55,17 57,5 62,15 63,6 64,8 66,20 69,5 71,16 72,11 78,5 79,12 
7,15 24,6 67,14 
12,2 15,8 19,4 21,18 22,15 25,8 27,11 31,12 35,7 39,7 47,4 55,3 60,15 62,14 63,6 66,14 69,17 72,12 76,15 79,1 
15,15 19,1 45,17 46,5 65,3 67,19 
2,14 3,10 4,11 5,13 17,10 18,17 26,17 27,12 34,16 37,14 39,4 42,2 46,8 47,19 53,12 55,1 58,7 69,18 73,10 74,8 75,9 
0,11 1,13 3,6 4,1 9,1 13,1 30,15 37,18 38,9 39,16 41,4 43,6 44,6 46,11 47,15 48,16 49,20 50,11 52,1 53,10 58,16 63,3 66,15 68,16 70,13 72,8 75,13 76,9 79,13 
0,19 25,5 27,1 29,15 34,10 37,17 39,1 52,7 58,7 59,5 61,15 64,1 65,4 76,14 77,14 
0,14 2,1 3,12 4,4 8,16 12,20 18,2 23,7 27,17 29,4 35,14 36,13 39,2 40,13 41,9 43,5 44,11 45,16 47,3 48,3 51,9 56,7 58,15 59,7 61,7 62,2 66,8 67,18 71,20 73,10 75,7 
0,2 2,12 4,1 6,2 8,11 9,7 10,12 13,19 18,18 20,13 21,20 22,14 24,5 26,19 35,4 39,13 40,20 46,14 48,13 50,11 54,19 55,20 56,16 58,18 59,5 61,7 65,19 69,3 72,5 73,11 77,14 79,9 
0,11 3,8 4,18 5,20 11,18 13,17 15,1 19,10 20,17 24,1 27,3 29,9 33,15 35,10 36,16 39,9 40,16 42,5 44,9 46,11 54,4 56,12 57,20 62,19 63,5 65,1 66,5 67,8 70,3 71,2 73,6 74,14 75,4 79,3 
0,7 5,5 9,11 21,8 22,16 28,2 33,15 41,10 44,6 45,19 46,17 52,8 61,4 66,14 70,19 79,11 
0,5 5,12 7,12 8,15 9,2 11,13 12,11 13,3 16,2 17,15 19,9 20,6 21,13 22,16 31,20 32,15 33,8 35,6 39,6 43,11 45,9 46,3 48,20 52,20 53,16 58,3 59,9 64,11 68,9 71,7 75,10 77,19 78,11 
2,19 6,6 13,12 19,16 20,13 23,3 28,4 29,18 34,4 38,2 43,11 50,1 51,18 60,8 64,15 65,1 66,3 69,10 71,10 73,19 74,4 75,2 76,19 
3,9 7,8 13,8 15,15 17,1 20,3 23,2 24,9 25,6 30,16 32,14 33,20 40,7 47,20 49,18 51,19 56,20 58,1 59,8 61,1 63,6 64,6 71,18 72,18 73,14 75,1 78,9 
1,14 4,6 19,8 22,10 24,20 29,20 30,13 32,7 36,7 38,7 50,10 64,7 69,6 73,14 75,20 76,20 
0,14 9,10 15,10 44,10 47,12 50,20 55,20 61,5 64,17 79,16 
0,11 1,10 2,6 7,7 9,10 11,18 12,20 18,20 20,15 22,18 29,18 34,19 36,15 41,12 55,16 61,16 68,6 72,10 74,19 
3,5 4,19 9,13 11,13 16,7 17,5 23,3 26,16 29,11 31,18 35,9 40,15 41,15 49,19 50,3 52,1 54,3 55,5 58,1 61,19 69,13 70,13 71,12 72,19 77,4 78,15 79,9 
0,8 6,9 8,14 10,2 13,5 15,11 18,20 30,17 37,20 41,18 45,6 46,13 51,3 62,6 65,16 69,3 72,15 76,15 78,3 
0,9 3,13 7,16 9,12 12,7 17,8 19,11 21,15 27,16 30,18 37,8 43,5 47,5 48,8 60,10 64,6 65,7 67,4 74,12 75,14 76,13 
1,13 2,10 3,12 4,3 6,19 8,14 9,16 10,13 12,6 16,20 17,15 24,15 31,9 35,12 39,10 40,13 42,19 46,14 51,16 55,9 57,10 58,11 60,8 61,12 64,14 65,8 66,20 68,14 74,18 75,7 
5,15 11,3 12,13 14,6 19,14 21,10 26,8 29,9 30,20 33,9 34,1 37,7 39,12 41,10 42,4 43,19 45,12 46,14 49,16 52,17 53,11 54,13 55,11 60,12 61,10 65,16 67,9 70,3 76,4 
1,3 4,1 8,3 16,2 23,17 26,2 33,11 39,18 51,10 56,6 
2,18 5,6 6,14 10,15 11,17 12,18 13,18 14,16 16,4 20,2 21,11 27,12 29,14 32,10 34,3 35,6 36,6 45,18 47,9 49,8 50,1 52,13 54,17 56,5 57,18 59,10 61,9 63,7 65,4 68,5 69,14 70,18 71,20 73,4 
1,16 6,14 7,15 11,17 12,18 14,17 18,6 21,18 23,19 26,20 30,15 33,8 34,19 36,16 37,2 45,7 46,12 48,15 49,20 53,1 58,9 59,4 61,8 74,7 75,17 76,19 78,17 
2,19 3,19 5,14 7,18 9,11 10,5 12,14 15,16 16,5 19,4 20,10 21,2 27,7 30,5 31,12 33,11 36,11 40,8 41,1 42,13 50,20 55,5 64,3 65,6 69,13 70,13 
5,18 16,9 17,8 24,14 25,8 27,5 31,13 32,4 33,3 37,8 44,16 46,8 50,7 51,15 54,6 55,20 58,20 60,9 61,5 62,11 67,11 69,4 75,20 78,3 79,8 
0,2 5,14 7,3 8,13 15,15 16,11 18,15 19,9 21,17 25,4 28,5 31,5 36,15 37,11 45,5 49,2 53,18 56,19 58,9 59,18 66,5 69,3 71,20 74,16 
4,14 10,15 14,19 18,13 20,15 29,10 30,20 33,6 34,20 35,11 36,13 37,2 39,14 47,11 48,1 49,1 50,4 51,20 54,20 55,2 57,6 61,2 62,2 64,7 66,3 70,14 72,10 74,6 75,17 79,11 
0,12 3,7 6,20 7,15 8,2 9,12 12,14 14,3 15,9 17,12 24,9 25,3 28,14 31,6 35,5 36,20 37,2 39,7 41,12 42,3 49,2 50,1 61,1 63,2 72,1 77,10 
0,9 1,20 2,1 3,3 4,19 8,6 9,14 16,8 23,8 25,2 26,9 30,11 34,2 38,3 40,5 41,4 42,18 44,15 45,19 46,12 49,13 51,19 58,20 61,6 63,9 64,7 68,1 71,1 72,12 73,14 76,3 78,1 
7,20 11,10 13,4 15,13 17,17 18,5 21,19 26,12 28,16 29,3 33,6 35,17 36,6 37,9 38,12 39,17 42,20 43,2 45,16 47,1 48,6 51,2 55,13 59,12 66,20 68,7 73,12 77,14 
0,20 7,19 9,2 10,9 12,17 15,1 17,12 18,14 20,19 25,15 26,4 30,11 39,9 40,1 41,14 42,17 46,3 48,17 54,10 56,19 59,2 60,10 63,16 64,16 66,8 71,15 72,6 73,13 74,12 76,9 79,5 
2,4 5,5 11,4 13,19 15,17 18,14 28,11 30,8 34,20 35,2 37,11 41,2 44,9 47,16 51,15 57,14 58,17 63,4 64,5 65,4 66,7 68,19 70,20 73,1 74,6 76,20 77,10 
11,11 24,8 42,4 60,8 64,8 71,18 78,13 79,19 
1,14 5,12 10,10 11,16 13,8 17,11 19,2 20,5 23,6 24,10 28,14 30,8 34,17 35,12 37,19 41,19 42,12 43,15 45,13 48,1 50,7 53,3 57,12 58,7 59,16 61,15 62,20 63,14 65,7 69,13 72,1 77,1 79,19 
0,8 2,8 3,11 5,18 6,8 7,11 14,18 16,16 21,1 23,6 25,9 37,14 40,10 41,10 42,20 45,20 48,3 50,16 51,12 55,5 57,3 59,17 61,6 64,15 71,17 73,18 76,2 78,20 79,20 
0,17 2,3 7,12 9,5 13,16 14,15 15,2 17,15 20,15 21,1 22,2 24,8 25,2 26,10 28,15 32,12 33,14 34,15 35,14 38,20 41,1 45,11 48,3 52,1 55,12 56,9 58,1 59,9 62,17 64,8 69,9 71,12 73,5 74,11 75,2 76,14 
5,1 10,6 11,12 14,5 17,20 18,11 24,2 25,4 28,11 30,13 34,16 35,14 36,18 42,12 43,13 48,2 50,13 51,9 52,17 55,6 65,20 67,20 68,9 69,11 75,8 78,1 
6,16 21,5 29,9 38,20 41,1 44,4 50,18 51,8 55,17 59,20 62,4 69,20 70,7 
0,1 4,20 5,3 6,10 8,4 10,3 13,5 14,20 18,5 19,13 24,19 28,15 29,14 30,3 32,19 33,3 34,11 36,13 45,2 46,20 47,4 49,10 50,8 54,1 56,12 61,17 67,5 70,5 72,6 73,19 77,17 
1,20 2,20 5,3 12,8 13,20 14,11 17,3 18,2 19,13 25,13 26,5 27,16 29,13 33,8 36,1 38,6 39,10 40,9 41,18 48,6 49,15 50,12 53,16 54,9 59,1 61,14 63,9 64,3 65,7 66,5 68,17 74,12 77,2 78,5 
5,20 6,18 7,16 8,11 9,19 10,17 13,16 15,8 19,5 24,14 25,19 32,10 33,2 38,5 41,6 43,7 44,2 47,17 48,10 51,7 52,1 53,6 59,4 68,8 72,10 79,9 
0,11 4,1 10,18 11,3 13,17 15,19 22,17 31,3 32,5 37,3 38,20 40,17 43,12 45,4 47,2 48,14 51,16 52,19 73,15 75,12 78,18 79,14 
1,14 9,9 16,3 17,1 18,15 20,3 23,1 27,12 29,17 33,3 34,6 35,11 37,5 40,3 41,11 42,7 45,18 48,19 52,20 53,13 54,20 55,15 61,8 62,4 64,12 69,10 72,8 76,15 
2,10 3,8 4,6 6,18 9,4 16,8 17,7 19,4 21,5 22,18 25,12 31,3 38,8 40,3 41,9 42,15 44,16 47,4 52,8 54,4 63,3 65,11 74,18 78,16 79,5 
3,19 5,3 6,7 7,14 9,12 11,18 12,12 13,4 16,10 17,16 18,13 19,17 22,6 23,18 25,13 29,2 36,6 37,18 39,20 43,4 46,14 51,1 52,10 53,13 55,16 62,4 64,6 70,15 71,20 72,16 75,15 76,5 78,13 
3,6 4,1 5,1 10,19 13,9 22,6 23,20 33,6 35,5 36,5 39,3 40,7 43,9 44,2 53,18 62,20 63,20 65,18 73,20 
2,18 10,16 16,19 18,15 20,11 22,13 29,15 30,8 32,2 38,2 44,3 45,16 48,5 49,7 50,2 53,16 60,11 63,2 64,2 67,4 71,9 73,11 74,15 76,10 
1,7 6,1 9,14 10,18 11,2 12,18 13,3 14,9 16,6 18,15 19,14 21,3 22,4 26,15 27,1 29,10 33,18 37,1 40,4 42,9 44,12 47,11 53,19 54,16 56,15 57,7 58,11 60,7 62,3 63,9 67,1 68,13 73,19 75,19 76,10 78,4 
1,8 3,16 6,20 10,4 11,12 14,13 15,5 18,2 20,12 21,13 25,4 34,1 39,1 40,12 42,12 47,11 50,14 56,15 57,4 59,11 60,18 61,15 63,4 64,13 65,16 66,18 68,4 70,5 73,20 76,5 
0,19 6,9 8,16 9,7 11,5 13,5 17,10 26,20 30,14 41,16 45,1 63,14 64,11 73,6 74,18 
1,4 2,13 3,7 4,16 6,19 8,3 9,17 11,8 14,3 17,14 18,10 24,15 25,19 28,17 37,12 45,16 46,20 47,6 49,10 51,9 53,9 60,7 61,3 63,16 64,16 66,7 67,12 
1,9 2,13 6,6 11,19 15,2 21,7 22,11 23,9 27,6 32,13 33,15 34,17 39,16 42,4 44,17 45,14 49,10 53,18 57,1 58,6 60,4 63,8 66,8 67,8 68,1 73,10 75,2 76,5 77,7 78,8 
9,19 12,10 15,11 20,16 23,3 25,11 29,13 30,20 33,6 35,10 37,1 39,10 40,3 41,14 48,14 51,15 54,20 56,11 60,2 63,20 66,6 75,14 79,10 
13,20 20,17 21,11 26,7 35,17 39,2 44,13 47,19 48,9 49,2 63,5 68,6 69,15 
3,20 4,6 5,15 9,6 12,13 17,16 22,19 25,15 26,1 29,8 33,15 37,2 41,9 44,6 45,11 48,18 50,17 52,12 56,5 60,14 61,16 64,12 65,20 66,15 69,9 70,5 72,15 77,14 
1,19 7,10 8,12 9,13 14,12 16,20 17,17 18,1 19,1 20,18 22,3 23,20 28,11 30,20 31,19 38,4 39,13 40,9 41,11 44,4 46,7 47,19 49,10 50,18 52,12 55,1 61,14 63,2 69,9 70,1 71,2 75,7 79,10 
3,16 15,8 20,6 30,2 33,13 41,3 46,2 50,9 52,5 71,18 73,15 
0,14 1,1 4,11 5,8 7,18 8,4 13,13 14,5 16,8 20,10 21,12 24,18 27,13 31,12 32,20 36,5 46,16 50,20 53,8 54,19 55,12 57,2 58,17 61,6 66,11 67,19 76,17 
2,13 4,1 6,15 7,12 10,19 13,3 16,5 17,4 23,5 26,9 28,2 31,14 37,4 40,16 43,16 48,2 49,1 51,20 52,13 53,8 55,15 56,19 59,9 61,7 64,8 67,6 76,8 
0,9 1,1 3,2 4,1 6,4 7,11 8,6 9,13 11,1 20,13 21,18 25,3 26,19 27,18 31,8 35,17 44,6 45,16 48,9 59,11 61,15 62,10 66,2 69,20 70,19 77,14 
5,2 7,3 10,4 15,14 21,16 22,17 23,11 26,8 31,18 35,18 36,10 37,1 38,9 43,18 44,17 45,12 46,18 47,7 48,8 50,10 56,12 57,9 59,9 67,15 68,2 70,1 78,8 
0,8 3,12 4,5 7,13 12,1 18,3 24,4 26,5 29,14 32,15 33,2 34,1 38,2 41,8 43,4 44,17 45,8 46,2 48,3 49,14 52,14 54,6 56,17 57,10 60,9 63,8 65,15 68,17 69,18 79,10 
2,19 3,14 16,4 17,17 20,3 21,13 22,3 25,8 30,1 31,2 37,7 39,19 41,13 42,19 43,18 44,3 49,7 50,14 53,18 55,16 56,9 60,8 62,10 65,8 66,7 74,10 79,15 
0,2 2,5 5,3 8,6 9,14 17,1 19,2 22,5 24,6 25,5 27,8 28,5 29,8 34,8 37,3 42,7 43,11 44,8 47,6 50,17 53,15 57,11 58,12 60,17 63,11 64,1 65,17 70,10 71,18 74,4 75,2 77,9 78,2 
1,8 10,18 11,20 13,15 14,4 15,12 16,3 19,19 25,16 31,9 35,19 37,3 40,16 41,14 44,6 52,5 53,10 55,13 59,2 65,5 68,7 
1,17 3,20 5,17 8,11 10,16 12,3 14,10 26,12 29,2 32,18 33,6 37,10 43,11 44,6 46,3 47,3 54,13 55,15 59,14 60,12 63,5 66,10 67,2 68,9 69,5 71,5 72,12 73,17 74,6 76,12 77,1 
1,10 2,17 3,3 10,5 11,2 14,7 16,18 17,20 20,20 22,18 24,13 25,10 26,19 32,12 35,2 41,1 43,16 45,1 53,5 55,16 59,1 60,12 61,9 64,7 70,8 73,4 74,14 77,11 79,19 
1,14 2,17 3,6 10,16 11,7 12,9 27,9 31,15 32,2 33,13 34,1 35,20 36,18 37,10 40,6 42,4 46,10 53,1 55,3 58,20 61,9 68,10 70,9 71,5 79,16 
2,13 9,1 11,4 12,1 17,14 19,5 33,7 41,6 42,15 43,16 47,1 48,1 49,8 50,1 51,16 52,18 62,9 63,1 65,11 67,15 72,4 77,7 78,5 
8,13 9,3 13,9 16,7 17,9 18,17 21,1 26,13 27,13 34,4 38,10 40,4 41,7 48,16 49,3 50,16 54,16 57,15 60,15 62,16 63,1 66,3 67,14 75,20 77,10 
0,6 5,9 7,7 8,18 9,20 19,2 24,8 31,13 35,17 40,10 53,7 56,16 61,19 63,15 66,14 69,1 77,8 
1,14 5,9 6,19 10,17 25,16 32,14 34,11 37,5 38,18 45,9 48,19 57,1 61,6 62,3 63,2 
2,9 3,2 4,15 6,16 8,10 9,7 10,6 11,13 13,14 17,9 19,7 20,19 29,14 35,14 36,12 39,1 40,5 46,8 51,10 52,14 54,1 58,10 59,4 67,14 71,6 73,3 74,17 
7,11 8,20 11,4 15,17 16,18 20,10 22,4 23,11 25,5 29,1 34,15 37,10 38,20 39,5 42,7 55,18 59,7 70,20 74,4 
0,8 2,19 7,11 11,12 16,12 17,3 19,20 21,6 35,2 41,11 48,15 56,7 57,14 62,11 63,19 64,7 66,14 75,3 76,2 77,3 
