20
1,13 2,15 3,4 4,6 5,14 6,17 7,15 8,13 9,7 10,9 11,14 12,2 13,16 14,19 15,11 16,1 17,20 18,5 19,1 
0,20 2,13 3,1 4,3 5,5 6,18 7,15 8,5 9,5 10,6 11,1 12,13 13,10 14,15 15,16 16,8 17,20 18,12 19,2 
0,12 1,19 3,2 4,5 5,12 6,10 7,4 8,3 9,10 10,15 11,7 12,2 13,6 14,19 15,2 16,8 17,3 18,19 19,14 
0,19 1,15 2,11 4,19 5,8 6,1 7,6 8,3 9,8 10,5 11,15 12,1 13,17 14,13 15,3 16,13 17,16 18,4 19,8 
0,18 1,13 2,2 3,16 5,7 6,19 7,6 8,8 9,18 10,20 11,19 12,4 13,19 14,13 15,14 16,9 17,20 18,14 19,14 
0,3 1,13 2,11 3,17 4,14 6,19 7,1 8,8 9,11 10,16 11,11 12,19 13,6 14,15 15,12 16,1 17,1 18,3 19,7 
0,9 1,20 2,18 3,19 4,3 5,16 7,11 8,9 9,17 10,11 11,2 12,2 13,5 14,15 15,12 16,13 17,20 18,10 19,13 
0,7 1,13 2,20 3,9 4,3 5,17 6,3 8,6 9,18 10,16 11,8 12,16 13,16 14,20 15,13 16,14 17,14 18,1 19,4 
0,2 1,9 2,6 3,16 4,10 5,10 6,2 7,2 9,14 10,1 11,3 12,18 13,19 14,15 15,18 16,7 17,9 18,14 19,1 
0,15 1,3 2,16 3,14 4,10 5,11 6,5 7,15 8,16 10,19 11,7 12,12 13,12 14,15 15,17 16,19 17,4 18,19 19,20 
0,17 1,12 2,12 3,12 4,10 5,10 6,18 7,19 8,8 9,7 11,4 12,1 13,1 14,19 15,16 16,6 17,8 18,19 19,11 
0,14 1,6 2,1 3,20 4,17 5,4 6,6 7,14 8,3 9,2 10,4 12,14 13,18 14,15 15,6 16,9 17,16 18,15 19,7 
0,14 1,15 2,5 3,10 4,15 5,17 6,8 7,2 8,2 9,15 10,12 11,4 13,1 14,18 15,4 16,20 17,14 18,8 19,6 
0,19 1,2 2,7 3,2 4,15 5,16 6,9 7,20 8,17 9,4 10,7 11,15 12,10 14,13 15,19 16,19 17,7 18,15 19,6 
0,20 1,8 2,12 3,12 4,12 5,12 6,9 7,15 8,4 9,14 10,14 11,1 12,13 13,7 15,19 16,14 17,2 18,14 19,2 
0,13 1,2 2,18 3,11 4,16 5,7 6,3 7,14 8,17 9,9 10,20 11,14 12,1 13,8 14,5 16,12 17,11 18,9 19,12 
0,5 1,12 2,5 3,11 4,12 5,17 6,17 7,2 8,3 9,10 10,15 11,16 12,3 13,9 14,13 15,13 17,4 18,11 19,8 
0,10 1,19 2,16 3,1 4,12 5,8 6,20 7,17 8,19 9,10 10,17 11,10 12,7 13,8 14,15 15,17 16,11 18,3 19,5 
0,12 1,5 2,7 3,18 4,1 5,9 6,6 7,5 8,13 9,2 10,16 11,20 12,11 13,14 14,8 15,11 16,6 17,15 19,11 
0,14 1,6 2,12 3,10 4,15 5,18 6,9 7,1 8,6 9,11 10,4 11,3 12,2 13,8 14,9 15,11 16,20 17,17 18,9 
