20
9,14 11,7 12,5 17,15 
2,17 10,19 13,6 19,11 
0,11 3,14 9,16 11,19 12,5 14,1 15,2 16,8 
2,3 8,5 14,20 
0,17 3,8 9,7 10,15 12,20 15,17 19,16 
1,11 2,3 7,17 10,16 13,16 14,12 17,3 19,1 
1,11 7,16 10,4 15,18 
2,13 5,9 6,17 9,15 13,19 
1,19 7,6 15,13 
2,14 8,8 13,1 14,19 16,8 18,10 
5,10 6,19 8,6 9,1 13,13 14,4 18,8 19,8 
4,1 16,3 17,8 
0,18 1,14 6,6 16,6 
5,5 8,2 10,2 11,9 16,20 17,7 
0,13 1,3 7,3 8,15 11,11 
2,12 6,19 11,12 19,12 
0,16 2,4 4,20 6,5 10,3 13,15 15,12 19,16 
2,1 4,7 7,14 10,5 11,3 12,20 
2,1 7,17 11,9 12,6 14,9 15,20 16,20 
0,10 1,1 6,3 13,7 14,2 
