20
1,19 8,7 11,12 
0,19 4,19 5,3 6,17 8,9 10,14 12,20 15,4 16,8 17,18 
3,2 4,18 6,19 10,11 14,19 15,8 19,17 
2,2 4,2 7,20 13,8 16,5 17,17 
1,19 2,18 3,2 5,9 6,2 7,6 8,8 9,11 13,2 14,18 15,20 16,16 
1,3 4,9 6,14 7,14 9,7 10,7 16,2 17,9 18,12 
1,17 2,19 4,2 5,14 7,20 8,2 12,18 19,2 
3,20 4,6 5,14 6,20 9,7 13,1 14,8 16,2 18,2 19,12 
0,7 1,9 4,8 6,2 12,12 16,20 17,9 
4,11 5,7 7,7 13,18 14,6 
1,14 2,11 5,7 13,19 
0,12 17,10 
1,20 6,18 8,12 13,15 14,14 18,4 
3,8 4,2 7,1 9,18 10,19 12,15 14,9 18,10 
2,19 4,18 7,8 9,6 12,14 13,9 17,1 18,7 19,2 
1,4 2,8 4,20 16,19 
1,8 3,5 4,16 5,2 7,2 8,20 15,19 18,13 
1,18 3,17 5,9 8,9 11,10 14,1 
5,12 7,2 12,4 13,10 14,7 16,13 
2,17 6,2 7,12 14,2 
