50
1,8 2,19 3,7 4,11 5,5 6,7 7,9 8,3 9,11 10,15 11,2 12,4 13,18 14,19 15,6 16,11 17,17 18,14 19,16 20,4 21,2 22,15 23,16 24,5 25,4 26,2 27,5 28,9 29,19 30,1 31,2 32,7 33,19 34,8 35,9 36,15 37,6 38,9 39,17 40,16 41,3 42,10 43,11 44,1 45,20 46,16 47,3 48,8 49,9 
0,10 2,11 3,3 4,4 5,18 6,19 7,7 8,19 9,15 10,16 11,18 12,15 13,17 14,16 15,13 16,16 17,4 18,7 19,1 20,12 21,15 22,8 23,7 24,16 25,18 26,19 27,15 28,14 29,1 30,3 31,14 32,11 33,5 34,16 35,6 36,3 37,15 38,13 39,13 40,9 41,20 42,2 43,4 44,8 45,17 46,8 47,3 48,20 49,7 
0,15 1,4 3,13 4,2 5,10 6,9 7,11 8,20 9,15 10,16 11,20 12,9 13,10 14,2 15,14 16,17 17,8 18,8 19,3 20,12 21,20 22,4 23,11 24,2 25,19 26,10 27,10 28,18 29,12 30,2 31,4 32,18 33,5 34,9 35,11 36,6 37,9 38,1 39,5 40,3 41,17 42,16 43,4 44,18 45,10 46,17 47,6 48,9 49,16 
0,1 1,12 2,7 4,4 5,2 6,20 7,14 8,3 9,10 10,11 11,14 12,11 13,7 14,3 15,7 16,15 17,13 18,4 19,3 20,13 21,20 22,17 23,1 24,7 25,20 26,10 27,16 28,8 29,16 30,16 31,3 32,16 33,7 34,10 35,11 36,20 37,1 38,4 39,2 40,10 41,14 42,7 43,12 44,12 45,9 46,10 47,6 48,1 49,13 
0,20 1,6 2,4 3,9 5,6 6,11 7,20 8,8 9,18 10,8 11,3 12,14 13,2 14,10 15,20 16,3 17,20 18,20 19,4 20,15 21,1 22,13 23,20 24,8 25,17 26,12 27,8 28,6 29,9 30,9 31,11 32,9 33,14 34,14 35,9 36,11 37,16 38,8 39,18 40,14 41,15 42,12 43,7 44,9 45,13 46,18 47,11 48,4 49,17 
0,14 1,18 2,10 3,19 4,18 6,9 7,7 8,9 9,16 10,12 11,17 12,4 13,14 14,17 15,9 16,8 17,5 18,12 19,3 20,5 21,9 22,16 23,19 24,13 25,14 26,7 27,5 28,12 29,10 30,9 31,20 32,3 33,6 34,1 35,13 36,15 37,9 38,19 39,3 40,17 41,3 42,12 43,20 44,16 45,20 46,1 47,15 48,5 49,12 
0,18 1,9 2,12 3,5 4,19 5,16 7,11 8,18 9,1 10,14 11,7 12,1 13,13 14,1 15,18 16,14 17,6 18,13 19,14 20,16 21,7 22,10 23,18 24,10 25,2 26,6 27,10 28,14 29,20 30,6 31,5 32,9 33,6 34,8 35,6 36,4 37,4 38,16 39,13 40,16 41,1 42,11 43,8 44,13 45,12 46,5 47,18 48,9 49,9 
0,4 1,4 2,16 3,13 4,14 5,5 6,6 8,19 9,6 10,19 11,10 12,11 13,15 14,19 15,16 16,3 17,16 18,12 19,18 20,3 21,4 22,5 23,3 24,15 25,12 26,7 27,18 28,8 29,17 30,6 31,17 32,20 33,9 34,4 35,4 36,2 37,8 38,10 39,12 40,6 41,8 42,2 43,16 44,3 45,12 46,12 47,17 48,19 49,3 
0,14 1,1 2,18 3,10 4,15 5,12 6,1 7,1 9,9 10,8 11,17 12,6 13,4 14,8 15,15 16,7 17,12 18,8 19,7 20,1 21,12 22,12 23,8 24,5 25,19 26,2 27,16 28,2 29,18 30,6 31,16 32,3 33,6 34,14 35,12 36,20 37,17 38,4 39,12 40,18 41,12 42,9 43,3 44,7 45,16 46,9 47,6 48,19 49,9 
0,4 1,19 2,20 3,7 4,19 5,4 6,5 7,20 8,11 10,7 11,10 12,16 13,2 14,12 15,13 16,7 17,16 18,4 19,4 20,19 21,15 22,1 23,2 24,15 25,3 26,1 27,3 28,4 29,18 30,1 31,12 32,1 33,20 34,11 35,19 36,18 37,6 38,15 39,9 40,16 41,1 42,18 43,3 44,15 45,10 46,15 47,13 48,17 49,18 
0,16 1,15 2,4 3,8 4,17 5,19 6,3 7,9 8,13 9,6 11,6 12,13 13,17 14,6 15,4 16,19 17,4 18,13 19,4 20,18 21,2 22,11 23,11 24,11 25,5 26,17 27,12 28,19 29,9 30,8 31,8 32,17 33,3 34,3 35,4 36,11 37,13 38,18 39,19 40,5 41,3 42,4 43,18 44,11 45,1 46,13 47,1 48,16 49,6 
0,16 1,13 2,19 3,6 4,15 5,9 6,10 7,3 8,1 9,20 10,4 12,20 13,19 14,20 15,14 16,2 17,15 18,4 19,14 20,13 21,14 22,11 23,7 24,17 25,20 26,10 27,9 28,12 29,10 30,4 31,9 32,6 33,17 34,7 35,3 36,3 37,8 38,5 39,6 40,20 41,4 42,9 43,19 44,15 45,20 46,13 47,16 48,6 49,8 
0,1 1,18 2,2 3,11 4,17 5,10 6,10 7,6 8,19 9,14 10,15 11,2 13,2 14,12 15,18 16,9 17,15 18,13 19,16 20,19 21,18 22,15 23,14 24,18 25,5 26,8 27,17 28,17 29,3 30,2 31,5 32,16 33,12 34,6 35,6 36,20 37,7 38,8 39,5 40,5 41,1 42,11 43,7 44,2 45,15 46,16 47,2 48,9 49,8 
0,9 1,7 2,17 3,15 4,20 5,6 6,20 7,8 8,2 9,16 10,2 11,16 12,12 14,17 15,19 16,9 17,15 18,10 19,16 20,14 21,6 22,20 23,14 24,16 25,18 26,7 27,10 28,14 29,1 30,10 31,13 32,9 33,8 34,10 35,4 36,20 37,15 38,3 39,19 40,9 41,10 42,20 43,16 44,2 45,9 46,6 47,2 48,15 49,15 
0,17 1,8 2,20 3,9 4,13 5,7 6,6 7,11 8,9 9,19 10,11 11,18 12,12 13,12 15,6 16,13 17,7 18,5 19,19 20,9 21,3 22,19 23,10 24,14 25,14 26,3 27,14 28,11 29,5 30,8 31,5 32,13 33,7 34,16 35,1 36,19 37,3 38,7 39,10 40,11 41,17 42,12 43,20 44,8 45,15 46,17 47,12 48,1 49,13 
0,3 1,1 2,15 3,1 4,11 5,1 6,7 7,5 8,14 9,17 10,9 11,14 12,2 13,2 14,20 16,17 17,14 18,11 19,11 20,20 21,12 22,1 23,17 24,15 25,13 26,16 27,10 28,9 29,20 30,10 31,2 32,2 33,11 34,8 35,2 36,13 37,8 38,8 39,9 40,14 41,5 42,18 43,19 44,18 45,11 46,10 47,6 48,4 49,20 
0,17 1,16 2,3 3,9 4,4 5,18 6,1 7,19 8,7 9,2 10,18 11,8 12,3 13,19 14,10 15,10 17,13 18,14 19,10 20,20 21,3 22,15 23,16 24,12 25,5 26,13 27,14 28,14 29,11 30,9 31,6 32,7 33,4 34,8 35,7 36,7 37,17 38,8 39,18 40,15 41,1 42,7 43,3 44,3 45,18 46,4 47,4 48,10 49,18 
0,5 1,1 2,20 3,11 4,9 5,3 6,15 7,1 8,16 9,1 10,3 11,4 12,18 13,9 14,20 15,17 16,16 18,6 19,14 20,15 21,15 22,8 23,15 24,14 25,2 26,9 27,11 28,6 29,4 30,12 31,3 32,9 33,4 34,14 35,11 36,12 37,16 38,18 39,5 40,3 41,18 42,7 43,6 44,7 45,8 46,5 47,3 48,15 49,3 
0,16 1,1 2,17 3,16 4,15 5,2 6,17 7,15 8,12 9,14 10,18 11,15 12,8 13,18 14,19 15,13 16,9 17,10 19,20 20,6 21,14 22,2 23,15 24,1 25,8 26,1 27,20 28,4 29,15 30,14 31,6 32,11 33,14 34,15 35,18 36,20 37,16 38,6 39,14 40,20 41,20 42,3 43,14 44,19 45,1 46,12 47,12 48,9 49,14 
0,11 1,6 2,19 3,5 4,20 5,19 6,4 7,12 8,10 9,7 10,6 11,3 12,5 13,8 14,16 15,11 16,17 17,15 18,6 20,3 21,20 22,17 23,14 24,3 25,3 26,12 27,15 28,6 29,15 30,3 31,19 32,18 33,20 34,18 35,2 36,11 37,8 38,17 39,2 40,18 41,3 42,19 43,20 44,7 45,7 46,8 47,17 48,3 49,14 
0,15 1,17 2,14 3,3 4,10 5,8 6,5 7,14 8,2 9,11 10,20 11,16 12,9 13,17 14,15 15,18 16,10 17,17 18,6 19,6 21,10 22,15 23,1 24,8 25,6 26,19 27,6 28,13 29,8 30,1 31,7 32,2 33,17 34,12 35,4 36,19 37,11 38,1 39,4 40,12 41,11 42,3 43,19 44,11 45,12 46,5 47,9 48,13 49,1 
0,6 1,11 2,10 3,20 4,11 5,9 6,5 7,9 8,7 9,10 10,16 11,7 12,8 13,9 14,15 15,11 16,5 17,5 18,1 19,5 20,20 22,4 23,7 24,3 25,2 26,17 27,6 28,6 29,5 30,10 31,18 32,2 33,20 34,19 35,1 36,2 37,19 38,18 39,11 40,5 41,7 42,18 43,11 44,6 45,7 46,18 47,16 48,3 49,2 
0,16 1,7 2,14 3,11 4,13 5,16 6,12 7,1 8,13 9,9 10,18 11,14 12,18 13,19 14,14 15,16 16,20 17,15 18,14 19,9 20,17 21,11 23,7 24,15 25,1 26,12 27,13 28,10 29,7 30,15 31,4 32,14 33,13 34,17 35,4 36,17 37,4 38,7 39,17 40,8 41,7 42,6 43,1 44,4 45,5 46,14 47,19 48,16 49,1 
0,4 1,4 2,9 3,14 4,10 5,3 6,7 7,13 8,7 9,8 10,11 11,13 12,11 13,16 14,17 15,19 16,19 17,13 18,2 19,17 20,2 21,9 22,3 24,7 25,2 26,6 27,11 28,7 29,16 30,18 31,7 32,11 33,1 34,16 35,17 36,2 37,10 38,3 39,14 40,9 41,2 42,16 43,1 44,13 45,11 46,18 47,11 48,1 49,2 
0,5 1,17 2,15 3,5 4,11 5,2 6,6 7,8 8,4 9,13 10,15 11,14 12,11 13,6 14,14 15,18 16,2 17,8 18,8 19,16 20,13 21,8 22,17 23,9 25,8 26,1 27,11 28,17 29,4 30,12 31,19 32,8 33,20 34,5 35,12 36,3 37,18 38,10 39,10 40,14 41,2 42,5 43,7 44,12 45,10 46,20 47,10 48,3 49,19 
0,9 1,10 2,12 3,16 4,6 5,12 6,15 7,19 8,2 9,4 10,2 11,5 12,14 13,9 14,17 15,18 16,12 17,19 18,16 19,1 20,8 21,9 22,14 23,4 24,15 26,18 27,5 28,6 29,19 30,7 31,5 32,7 33,16 34,8 35,14 36,14 37,11 38,20 39,4 40,4 41,3 42,5 43,1 44,16 45,5 46,17 47,14 48,8 49,15 
0,1 1,9 2,14 3,9 4,14 5,10 6,3 7,11 8,14 9,20 10,9 11,13 12,4 13,7 14,8 15,3 16,12 17,13 18,5 19,12 20,16 21,9 22,6 23,12 24,9 25,2 27,16 28,5 29,7 30,4 31,11 32,7 33,4 34,16 35,7 36,17 37,5 38,9 39,20 40,11 41,20 42,8 43,3 44,16 45,15 46,2 47,18 48,18 49,15 
0,3 1,9 2,2 3,3 4,15 5,14 6,11 7,8 8,1 9,7 10,6 11,16 12,9 13,12 14,19 15,16 16,18 17,8 18,13 19,18 20,7 21,3 22,17 23,6 24,5 25,4 26,12 28,6 29,2 30,10 31,12 32,16 33,18 34,14 35,10 36,4 37,19 38,20 39,3 40,11 41,18 42,8 43,7 44,18 45,19 46,5 47,13 48,8 49,12 
0,5 1,17 2,10 3,19 4,6 5,16 6,3 7,9 8,7 9,9 10,2 11,16 12,12 13,9 14,6 15,17 16,18 17,1 18,15 19,9 20,4 21,6 22,6 23,11 24,12 25,15 26,2 27,8 29,8 30,9 31,12 32,4 33,18 34,1 35,15 36,3 37,8 38,17 39,3 40,7 41,17 42,5 43,2 44,9 45,5 46,19 47,5 48,3 49,20 
0,12 1,11 2,3 3,9 4,9 5,5 6,12 7,3 8,6 9,19 10,2 11,15 12,2 13,18 14,4 15,3 16,12 17,18 18,2 19,20 20,20 21,8 22,17 23,16 24,2 25,17 26,1 27,20 28,13 30,15 31,11 32,16 33,5 34,5 35,4 36,13 37,10 38,15 39,8 40,15 41,6 42,1 43,1 44,7 45,18 46,4 47,1 48,1 49,1 
0,3 1,1 2,13 3,10 4,9 5,8 6,3 7,17 8,20 9,3 10,9 11,14 12,13 13,17 14,19 15,10 16,20 17,3 18,19 19,7 20,2 21,13 22,4 23,3 24,14 25,2 26,12 27,9 28,3 29,13 31,10 32,17 33,13 34,2 35,18 36,1 37,1 38,1 39,17 40,1 41,3 42,17 43,14 44,7 45,13 46,4 47,16 48,5 49,19 
0,6 1,3 2,12 3,19 4,6 5,14 6,4 7,7 8,6 9,12 10,1 11,18 12,13 13,17 14,2 15,6 16,15 17,14 18,7 19,7 20,2 21,7 22,1 23,18 24,12 25,7 26,3 27,8 28,15 29,7 30,18 32,12 33,9 34,9 35,10 36,6 37,3 38,5 39,12 40,20 41,17 42,5 43,9 44,1 45,1 46,2 47,7 48,7 49,15 
0,13 1,13 2,16 3,11 4,5 5,5 6,14 7,4 8,7 9,1 10,18 11,13 12,10 13,9 14,13 15,19 16,11 17,18 18,13 19,15 20,2 21,12 22,3 23,18 24,12 25,16 26,18 27,13 28,2 29,17 30,7 31,6 33,1 34,14 35,8 36,6 37,18 38,1 39,9 40,17 41,14 42,18 43,1 44,3 45,18 46,14 47,13 48,20 49,3 
0,5 1,7 2,16 3,8 4,1 5,13 6,19 7,16 8,3 9,3 10,9 11,11 12,1 13,14 14,11 15,14 16,13 17,8 18,4 19,14 20,8 21,20 22,19 23,5 24,12 25,13 26,15 27,17 28,6 29,14 30,20 31,2 32,12 34,7 35,10 36,13 37,20 38,20 39,20 40,14 41,3 42,9 43,4 44,3 45,14 46,6 47,9 48,7 49,14 
0,4 1,12 2,13 3,15 4,10 5,10 6,6 7,14 8,4 9,3 10,11 11,9 12,14 13,13 14,1 15,20 16,2 17,5 18,11 19,1 20,4 21,4 22,15 23,4 24,19 25,10 26,18 27,5 28,10 29,4 30,10 31,13 32,15 33,14 35,19 36,16 37,3 38,4 39,1 40,6 41,18 42,12 43,7 44,11 45,4 46,19 47,3 48,17 49,15 
0,5 1,9 2,18 3,9 4,4 5,2 6,19 7,13 8,11 9,15 10,2 11,14 12,4 13,6 14,20 15,10 16,4 17,7 18,12 19,19 20,7 21,10 22,17 23,18 24,16 25,19 26,13 27,6 28,1 29,9 30,20 31,18 32,10 33,9 34,6 36,13 37,2 38,16 39,17 40,12 41,11 42,10 43,17 44,6 45,15 46,16 47,15 48,10 49,2 
0,7 1,8 2,9 3,16 4,4 5,18 6,3 7,15 8,3 9,20 10,7 11,3 12,19 13,4 14,12 15,19 16,1 17,4 18,13 19,17 20,12 21,4 22,7 23,1 24,1 25,4 26,7 27,8 28,19 29,16 30,10 31,5 32,4 33,10 34,12 35,19 37,19 38,6 39,13 40,1 41,5 42,12 43,4 44,15 45,15 46,7 47,5 48,16 49,3 
0,17 1,12 2,14 3,1 4,10 5,7 6,13 7,13 8,13 9,20 10,11 11,9 12,9 13,7 14,4 15,10 16,10 17,2 18,9 19,15 20,7 21,9 22,11 23,18 24,4 25,17 26,12 27,11 28,2 29,19 30,13 31,18 32,2 33,18 34,18 35,11 36,4 38,2 39,16 40,17 41,2 42,18 43,17 44,2 45,17 46,20 47,12 48,18 49,13 
0,20 1,13 2,19 3,20 4,15 5,16 6,16 7,12 8,20 9,18 10,13 11,18 12,10 13,10 14,12 15,7 16,20 17,14 18,3 19,1 20,9 21,19 22,2 23,19 24,15 25,16 26,15 27,6 28,7 29,12 30,18 31,18 32,16 33,17 34,9 35,3 36,4 37,4 39,14 40,15 41,1 42,18 43,5 44,2 45,19 46,16 47,1 48,18 49,9 
0,3 1,11 2,10 3,13 4,4 5,8 6,7 7,19 8,14 9,4 10,17 11,17 12,1 13,14 14,5 15,9 16,3 17,7 18,13 19,18 20,12 21,7 22,11 23,9 24,11 25,12 26,19 27,18 28,4 29,9 30,7 31,6 32,19 33,8 34,18 35,14 36,15 37,16 38,5 40,20 41,19 42,1 43,16 44,20 45,7 46,20 47,20 48,1 49,18 
0,12 1,18 2,9 3,11 4,8 5,9 6,13 7,12 8,8 9,11 10,15 11,16 12,9 13,13 14,14 15,16 16,10 17,19 18,2 19,18 20,3 21,1 22,8 23,16 24,8 25,7 26,2 27,20 28,19 29,2 30,17 31,10 32,11 33,18 34,12 35,19 36,6 37,5 38,2 39,13 41,7 42,8 43,8 44,7 45,20 46,13 47,2 48,2 49,4 
0,15 1,19 2,6 3,7 4,6 5,1 6,6 7,5 8,14 9,5 10,3 11,15 12,14 13,4 14,6 15,11 16,8 17,16 18,8 19,12 20,9 21,13 22,10 23,16 24,12 25,16 26,8 27,5 28,9 29,9 30,20 31,3 32,19 33,5 34,9 35,16 36,18 37,14 38,12 39,11 40,11 42,6 43,18 44,4 45,10 46,15 47,6 48,17 49,10 
0,13 1,20 2,18 3,17 4,9 5,5 6,9 7,16 8,12 9,5 10,4 11,12 12,4 13,6 14,10 15,20 16,6 17,6 18,17 19,11 20,9 21,20 22,1 23,15 24,17 25,16 26,16 27,11 28,1 29,4 30,12 31,6 32,3 33,1 34,2 35,3 36,17 37,10 38,18 39,9 40,14 41,13 43,20 44,9 45,18 46,2 47,9 48,15 49,19 
0,5 1,5 2,7 3,16 4,6 5,1 6,4 7,1 8,8 9,6 10,14 11,11 12,9 13,11 14,5 15,9 16,12 17,19 18,18 19,14 20,8 21,6 22,19 23,20 24,17 25,8 26,9 27,10 28,8 29,3 30,8 31,4 32,8 33,7 34,20 35,5 36,19 37,3 38,5 39,7 40,1 41,10 42,17 44,9 45,20 46,14 47,10 48,4 49,12 
0,7 1,17 2,20 3,4 4,7 5,19 6,20 7,6 8,8 9,10 10,13 11,2 12,9 13,17 14,9 15,15 16,16 17,13 18,14 19,10 20,10 21,20 22,2 23,11 24,8 25,11 26,11 27,1 28,12 29,14 30,13 31,18 32,2 33,4 34,1 35,8 36,2 37,12 38,14 39,1 40,13 41,6 42,3 43,2 45,2 46,11 47,16 48,9 49,16 
0,1 1,11 2,17 3,20 4,12 5,7 6,20 7,14 8,9 9,20 10,5 11,2 12,4 13,2 14,3 15,7 16,14 17,11 18,1 19,18 20,16 21,1 22,10 23,1 24,3 25,3 26,15 27,6 28,11 29,15 30,13 31,11 32,5 33,1 34,3 35,9 36,7 37,2 38,2 39,16 40,13 41,19 42,9 43,9 44,20 46,12 47,7 48,6 49,14 
0,7 1,3 2,1 3,8 4,4 5,13 6,2 7,7 8,7 9,19 10,17 11,14 12,3 13,19 14,10 15,3 16,1 17,18 18,2 19,14 20,12 21,9 22,19 23,10 24,9 25,7 26,1 27,12 28,13 29,6 30,17 31,12 32,20 33,17 34,11 35,4 36,10 37,4 38,2 39,8 40,3 41,10 42,1 43,17 44,8 45,11 47,12 48,1 49,20 
0,5 1,14 2,11 3,5 4,12 5,12 6,13 7,10 8,13 9,5 10,15 11,10 12,1 13,6 14,10 15,18 16,16 17,5 18,19 19,19 20,18 21,6 22,13 23,7 24,19 25,10 26,14 27,9 28,13 29,14 30,20 31,17 32,20 33,3 34,1 35,3 36,14 37,5 38,13 39,6 40,1 41,7 42,16 43,14 44,4 45,17 46,11 48,19 49,13 
0,1 1,9 2,10 3,6 4,2 5,16 6,4 7,3 8,1 9,4 10,15 11,15 12,4 13,11 14,6 15,6 16,3 17,8 18,11 19,19 20,20 21,17 22,20 23,18 24,4 25,13 26,1 27,12 28,15 29,11 30,4 31,15 32,20 33,5 34,12 35,1 36,12 37,16 38,3 39,12 40,11 41,9 42,18 43,6 44,11 45,3 46,3 47,13 49,11 
0,14 1,3 2,2 3,2 4,2 5,20 6,17 7,6 8,12 9,8 10,20 11,3 12,3 13,6 14,14 15,19 16,18 17,14 18,10 19,5 20,8 21,13 22,15 23,16 24,11 25,13 26,6 27,13 28,15 29,10 30,15 31,8 32,12 33,17 34,1 35,6 36,8 37,17 38,11 39,11 40,16 41,3 42,13 43,10 44,8 45,18 46,8 47,5 48,11 
