50
29,20 30,17 
9,10 15,18 28,10 31,8 39,4 
19,14 36,20 38,4 43,17 46,17 
4,3 8,18 12,15 48,9 
42,15 
0,8 11,15 23,1 39,15 49,8 
37,2 43,1 
8,15 25,2 30,6 38,9 
7,11 16,4 
0,13 7,12 25,13 33,1 39,9 
4,13 18,14 23,5 34,10 
0,7 3,17 15,7 21,13 37,9 
1,7 2,9 23,9 39,20 
25,5 44,14 
1,12 3,4 19,15 20,19 44,19 
0,1 3,6 23,12 38,4 47,11 
25,15 28,1 29,16 
8,16 28,17 38,3 
7,17 12,2 41,2 
12,8 20,14 32,9 47,7 
2,4 9,9 14,16 26,6 34,7 
13,20 17,18 29,19 34,4 39,8 
1,17 16,6 29,15 47,8 
20,10 26,3 40,4 46,5 
25,13 29,12 34,3 46,16 
1,13 3,4 13,3 
6,3 24,20 27,4 28,6 
8,20 13,16 25,3 
17,18 41,20 
37,17 38,19 
0,12 19,13 33,6 38,18 
47,19 
7,15 24,16 
14,3 22,11 41,13 43,4 
20,17 32,6 38,16 40,8 
0,6 22,15 
19,19 34,9 
13,16 34,12 43,16 45,8 
8,12 23,19 42,11 45,4 
11,6 13,6 26,8 35,10 43,16 
4,14 9,15 24,5 38,15 41,3 
1,6 17,12 23,8 26,10 28,9 
3,16 5,9 8,4 
5,17 13,15 31,2 37,5 
9,8 40,6 
4,14 8,14 19,14 31,9 38,5 
2,17 10,4 35,11 
7,18 19,3 22,20 30,10 
0,4 10,16 28,4 37,8 41,13 
1,20 6,13 9,3 22,15 24,2 
