50
1,19 2,6 3,14 4,12 5,13 6,13 7,8 8,18 9,20 10,11 11,6 12,3 13,11 14,3 15,8 16,18 17,3 18,15 19,9 20,14 21,8 22,18 23,16 24,1 25,14 26,14 27,13 28,11 29,8 30,7 31,5 32,6 33,4 34,18 35,9 36,16 37,2 38,16 39,5 40,14 41,18 42,10 43,16 44,9 45,5 46,4 47,18 48,19 49,10 
0,19 2,7 3,13 4,9 5,16 6,20 7,10 8,10 9,13 10,14 11,12 12,12 13,12 14,16 15,9 16,15 17,5 18,17 19,2 20,19 21,5 22,6 23,12 24,2 25,15 26,19 27,2 28,11 29,14 30,12 31,10 32,3 33,18 34,2 35,4 36,5 37,1 38,13 39,6 40,5 41,18 42,9 43,16 44,9 45,4 46,16 47,3 48,1 49,12 
0,6 1,7 3,16 4,19 5,16 6,1 7,10 8,10 9,7 10,8 11,11 12,18 13,14 14,2 15,7 16,16 17,11 18,20 19,19 20,8 21,12 22,3 23,13 24,16 25,20 26,2 27,3 28,8 29,17 30,18 31,2 32,9 33,9 34,17 35,7 36,17 37,9 38,8 39,6 40,16 41,8 42,8 43,5 44,1 45,10 46,3 47,8 48,12 49,2 
0,14 1,13 2,16 4,19 5,19 6,13 7,1 8,4 9,20 10,13 11,17 12,2 13,12 14,5 15,19 16,6 17,14 18,19 19,14 20,20 21,15 22,3 23,20 24,20 25,10 26,7 27,8 28,14 29,19 30,9 31,8 32,6 33,12 34,9 35,4 36,11 37,13 38,17 39,6 40,12 41,1 42,2 43,13 44,12 45,6 46,11 47,9 48,19 49,1 
0,12 1,9 2,19 3,19 5,3 6,11 7,16 8,5 9,10 10,7 11,6 12,8 13,6 14,11 15,6 16,14 17,18 18,11 19,18 20,18 21,7 22,8 23,10 24,15 25,5 26,13 27,15 28,6 29,5 30,18 31,3 32,7 33,7 34,14 35,7 36,9 37,4 38,14 39,5 40,5 41,1 42,10 43,12 44,6 45,20 46,17 47,12 48,9 49,19 
0,13 1,16 2,16 3,19 4,3 6,9 7,6 8,5 9,8 10,15 11,19 12,12 13,19 14,5 15,9 16,3 17,3 18,11 19,1 20,9 21,4 22,19 23,9 24,19 25,13 26,13 27,3 28,13 29,14 30,14 31,10 32,13 33,2 34,1 35,1 36,1 37,9 38,18 39,17 40,8 41,4 42,8 43,19 44,2 45,12 46,7 47,16 48,6 49,10 
0,13 1,20 2,1 3,13 4,11 5,9 7,16 8,14 9,13 10,6 11,14 12,12 13,18 14,18 15,6 16,2 17,11 18,20 19,12 20,15 21,13 22,4 23,7 24,5 25,13 26,4 27,2 28,12 29,7 30,9 31,11 32,8 33,12 34,9 35,3 36,18 37,18 38,10 39,3 40,3 41,16 42,17 43,14 44,13 45,14 46,19 47,7 48,17 49,10 
0,8 1,10 2,10 3,1 4,16 5,6 6,16 8,18 9,11 10,15 11,1 12,18 13,19 14,5 15,1 16,20 17,17 18,20 19,20 20,19 21,7 22,12 23,7 24,2 25,9 26,17 27,3 28,11 29,19 30,18 31,19 32,4 33,3 34,5 35,2 36,9 37,1 38,4 39,18 40,3 41,18 42,10 43,20 44,16 45,15 46,13 47,8 48,3 49,12 
0,18 1,10 2,10 3,4 4,5 5,5 6,14 7,18 9,19 10,1 11,10 12,10 13,19 14,3 15,10 16,15 17,6 18,13 19,5 20,15 21,3 22,8 23,9 24,7 25,2 26,9 27,19 28,5 29,6 30,2 31,14 32,16 33,13 34,1 35,2 36,17 37,20 38,4 39,20 40,19 41,16 42,2 43,20 44,6 45,4 46,2 47,13 48,1 49,14 
0,20 1,13 2,7 3,20 4,10 5,8 6,13 7,11 8,19 10,17 11,8 12,8 13,5 14,16 15,15 16,6 17,5 18,5 19,10 20,10 21,6 22,15 23,17 24,11 25,15 26,10 27,7 28,15 29,5 30,7 31,5 32,20 33,20 34,4 35,18 36,3 37,17 38,10 39,16 40,10 41,6 42,3 43,10 44,10 45,10 46,4 47,15 48,14 49,20 
0,11 1,14 2,8 3,13 4,7 5,15 6,6 7,15 8,1 9,17 11,16 12,16 13,6 14,10 15,4 16,8 17,17 18,14 19,14 20,3 21,18 22,12 23,7 24,10 25,11 26,2 27,7 28,6 29,19 30,16 31,13 32,20 33,1 34,7 35,9 36,11 37,16 38,4 39,17 40,10 41,4 42,13 43,17 44,1 45,14 46,20 47,8 48,10 49,5 
0,6 1,12 2,11 3,17 4,6 5,19 6,14 7,1 8,10 9,8 10,16 12,13 13,12 14,3 15,17 16,10 17,12 18,19 19,4 20,18 21,16 22,2 23,5 24,8 25,13 26,5 27,14 28,2 29,7 30,2 31,5 32,16 33,11 34,20 35,20 36,19 37,20 38,13 39,10 40,19 41,15 42,15 43,4 44,18 45,17 46,20 47,8 48,20 49,10 
0,3 1,12 2,18 3,2 4,8 5,12 6,12 7,18 8,10 9,8 10,16 11,13 13,11 14,9 15,6 16,4 17,13 18,5 19,16 20,9 21,19 22,17 23,8 24,12 25,14 26,3 27,2 28,5 29,2 30,12 31,5 32,6 33,1 34,15 35,20 36,15 37,18 38,18 39,3 40,17 41,17 42,2 43,19 44,19 45,10 46,4 47,2 48,2 49,8 
0,11 1,12 2,14 3,12 4,6 5,19 6,18 7,19 8,19 9,5 10,6 11,12 12,11 14,9 15,11 16,18 17,18 18,18 19,9 20,3 21,12 22,2 23,7 24,13 25,5 26,11 27,18 28,6 29,6 30,10 31,12 32,15 33,7 34,15 35,4 36,15 37,16 38,2 39,13 40,18 41,17 42,6 43,19 44,16 45,14 46,1 47,6 48,11 49,10 
0,3 1,16 2,2 3,5 4,11 5,5 6,18 7,5 8,3 9,16 10,10 11,3 12,9 13,9 15,6 16,5 17,1 18,8 19,12 20,5 21,4 22,2 23,15 24,1 25,19 26,4 27,13 28,6 29,2 30,19 31,9 32,16 33,6 34,10 35,20 36,3 37,6 38,5 39,14 40,1 41,10 42,14 43,6 44,13 45,4 46,12 47,17 48,16 49,11 
0,8 1,9 2,7 3,19 4,6 5,9 6,6 7,1 8,10 9,15 10,4 11,17 12,6 13,11 14,6 16,8 17,13 18,6 19,2 20,7 21,7 22,12 23,2 24,11 25,17 26,15 27,9 28,5 29,2 30,14 31,6 32,1 33,9 34,11 35,17 36,2 37,4 38,6 39,15 40,9 41,18 42,10 43,12 44,7 45,18 46,14 47,14 48,10 49,20 
0,18 1,15 2,16 3,6 4,14 5,3 6,2 7,20 8,15 9,6 10,8 11,10 12,4 13,18 14,5 15,8 17,7 18,8 19,6 20,19 21,1 22,16 23,15 24,7 25,16 26,12 27,8 28,1 29,17 30,8 31,9 32,8 33,16 34,10 35,3 36,1 37,17 38,11 39,11 40,18 41,15 42,9 43,15 44,8 45,2 46,16 47,7 48,9 49,15 
0,3 1,5 2,11 3,14 4,18 5,3 6,11 7,17 8,6 9,5 10,17 11,12 12,13 13,18 14,1 15,13 16,7 18,12 19,19 20,15 21,19 22,13 23,1 24,14 25,4 26,20 27,15 28,13 29,19 30,15 31,12 32,14 33,5 34,14 35,7 36,13 37,4 38,9 39,2 40,10 41,17 42,17 43,18 44,10 45,4 46,4 47,10 48,19 49,8 
0,15 1,17 2,20 3,19 4,11 5,11 6,20 7,20 8,13 9,5 10,14 11,19 12,5 13,18 14,8 15,6 16,8 17,12 19,8 20,5 21,6 22,13 23,18 24,20 25,8 26,17 27,6 28,20 29,16 30,20 31,11 32,1 33,16 34,4 35,7 36,20 37,20 38,15 39,2 40,9 41,3 42,18 43,6 44,13 45,13 46,2 47,14 48,11 49,9 
0,9 1,2 2,19 3,14 4,18 5,1 6,12 7,20 8,5 9,10 10,14 11,4 12,16 13,9 14,12 15,2 16,6 17,19 18,8 20,2 21,8 22,6 23,14 24,5 25,5 26,1 27,13 28,2 29,1 30,20 31,2 32,11 33,1 34,9 35,7 36,7 37,9 38,6 39,14 40,10 41,6 42,8 43,19 44,12 45,12 46,11 47,5 48,6 49,14 
0,14 1,19 2,8 3,20 4,18 5,9 6,15 7,19 8,15 9,10 10,3 11,18 12,9 13,3 14,5 15,7 16,19 17,15 18,5 19,2 21,5 22,7 23,1 24,10 25,20 26,17 27,7 28,12 29,1 30,8 31,12 32,1 33,1 34,15 35,1 36,10 37,13 38,19 39,18 40,18 41,4 42,7 43,3 44,12 45,5 46,6 47,3 48,15 49,2 
0,8 1,5 2,12 3,15 4,7 5,4 6,13 7,7 8,3 9,6 10,18 11,16 12,19 13,12 14,4 15,7 16,1 17,19 18,6 19,8 20,5 22,20 23,20 24,6 25,6 26,20 27,16 28,17 29,8 30,2 31,1 32,9 33,9 34,12 35,1 36,10 37,18 38,1 39,19 40,10 41,19 42,8 43,19 44,15 45,14 46,14 47,6 48,18 49,11 
0,18 1,6 2,3 3,3 4,8 5,19 6,4 7,12 8,8 9,15 10,12 11,2 12,17 13,2 14,2 15,12 16,16 17,13 18,13 19,6 20,7 21,20 23,20 24,4 25,13 26,20 27,4 28,18 29,17 30,15 31,5 32,6 33,3 34,6 35,6 36,3 37,7 38,9 39,3 40,8 41,19 42,15 43,18 44,20 45,5 46,5 47,19 48,19 49,18 
0,16 1,12 2,13 3,20 4,10 5,9 6,7 7,7 8,9 9,17 10,7 11,5 12,8 13,7 14,15 15,2 16,15 17,1 18,18 19,14 20,1 21,20 22,20 24,4 25,4 26,7 27,14 28,16 29,10 30,18 31,7 32,13 33,16 34,15 35,20 36,12 37,12 38,14 39,18 40,17 41,16 42,16 43,18 44,10 45,15 46,8 47,4 48,12 49,7 
0,1 1,2 2,16 3,20 4,15 5,19 6,5 7,2 8,7 9,11 10,10 11,8 12,12 13,13 14,1 15,11 16,7 17,14 18,20 19,5 20,10 21,6 22,4 23,4 25,8 26,8 27,17 28,7 29,5 30,20 31,2 32,3 33,14 34,9 35,12 36,11 37,15 38,17 39,18 40,2 41,16 42,10 43,13 44,9 45,19 46,2 47,16 48,6 49,19 
0,14 1,15 2,20 3,10 4,5 5,13 6,13 7,9 8,2 9,15 10,11 11,13 12,14 13,5 14,19 15,17 16,16 17,4 18,8 19,5 20,20 21,6 22,13 23,4 24,8 26,5 27,20 28,6 29,20 30,11 31,4 32,19 33,18 34,1 35,17 36,14 37,20 38,11 39,16 40,5 41,19 42,19 43,8 44,6 45,7 46,5 47,7 48,2 49,6 
0,14 1,19 2,2 3,7 4,13 5,13 6,4 7,17 8,9 9,10 10,2 11,5 12,3 13,11 14,4 15,15 16,12 17,20 18,17 19,1 20,17 21,20 22,20 23,7 24,8 25,5 27,19 28,2 29,16 30,20 31,9 32,1 33,10 34,5 35,20 36,7 37,4 38,2 39,11 40,15 41,11 42,3 43,11 44,4 45,2 46,1 47,11 48,7 49,20 
0,13 1,2 2,3 3,8 4,15 5,3 6,2 7,3 8,19 9,7 10,7 11,14 12,2 13,18 14,13 15,9 16,8 17,15 18,6 19,13 20,7 21,16 22,4 23,14 24,17 25,20 26,19 28,2 29,14 30,17 31,8 32,10 33,3 34,2 35,8 36,13 37,15 38,3 39,5 40,4 41,16 42,14 43,8 44,15 45,13 46,4 47,9 48,15 49,18 
0,11 1,11 2,8 3,14 4,6 5,13 6,12 7,11 8,5 9,15 10,6 11,2 12,5 13,6 14,6 15,5 16,1 17,13 18,20 19,2 20,12 21,17 22,18 23,16 24,7 25,6 26,2 27,2 29,19 30,17 31,8 32,15 33,18 34,1 35,17 36,16 37,12 38,18 39,1 40,8 41,6 42,11 43,10 44,19 45,10 46,14 47,13 48,12 49,18 
0,8 1,14 2,17 3,19 4,5 5,14 6,7 7,19 8,6 9,5 10,19 11,7 12,2 13,6 14,2 15,2 16,17 17,19 18,16 19,1 20,1 21,8 22,17 23,10 24,5 25,20 26,16 27,14 28,19 30,16 31,7 32,12 33,4 34,14 35,16 36,7 37,2 38,10 39,16 40,20 41,18 42,15 43,6 44,7 45,15 46,3 47,3 48,6 49,20 
0,7 1,12 2,18 3,9 4,18 5,14 6,9 7,18 8,2 9,7 10,16 11,2 12,12 13,10 14,19 15,14 16,8 17,15 18,20 19,20 20,8 21,2 22,15 23,18 24,20 25,11 26,20 27,17 28,17 29,16 31,3 32,5 33,17 34,5 35,6 36,15 37,14 38,20 39,8 40,18 41,17 42,3 43,4 44,20 45,18 46,9 47,15 48,16 49,10 
0,5 1,10 2,2 3,8 4,3 5,10 6,11 7,19 8,14 9,5 10,13 11,5 12,5 13,12 14,9 15,6 16,9 17,12 18,11 19,2 20,12 21,1 22,5 23,7 24,2 25,4 26,9 27,8 28,8 29,7 30,3 32,16 33,11 34,2 35,13 36,6 37,7 38,20 39,12 40,9 41,14 42,10 43,1 44,8 45,14 46,17 47,5 48,20 49,12 
0,6 1,3 2,9 3,6 4,7 5,13 6,8 7,4 8,16 9,20 10,20 11,16 12,6 13,15 14,16 15,1 16,8 17,14 18,1 19,11 20,1 21,9 22,6 23,13 24,3 25,19 26,1 27,10 28,15 29,12 30,5 31,16 33,18 34,19 35,11 36,7 37,7 38,5 39,3 40,7 41,15 42,11 43,13 44,10 45,13 46,9 47,13 48,14 49,13 
0,4 1,18 2,9 3,12 4,7 5,2 6,12 7,3 8,13 9,20 10,1 11,11 12,1 13,7 14,6 15,9 16,16 17,5 18,16 19,1 20,1 21,9 22,3 23,16 24,14 25,18 26,10 27,3 28,18 29,4 30,17 31,11 32,18 34,10 35,12 36,4 37,1 38,13 39,17 40,2 41,13 42,17 43,16 44,1 45,1 46,7 47,4 48,10 49,17 
0,18 1,2 2,17 3,9 4,14 5,1 6,9 7,5 8,1 9,4 10,7 11,20 12,15 13,15 14,10 15,11 16,10 17,14 18,4 19,9 20,15 21,12 22,6 23,15 24,9 25,1 26,5 27,2 28,1 29,14 30,5 31,2 32,19 33,10 35,14 36,17 37,3 38,11 39,19 40,1 41,5 42,1 43,14 44,14 45,13 46,2 47,6 48,6 49,14 
0,9 1,4 2,7 3,4 4,7 5,1 6,3 7,2 8,2 9,18 10,9 11,20 12,20 13,4 14,20 15,17 16,3 17,7 18,7 19,7 20,1 21,1 22,6 23,20 24,12 25,17 26,20 27,8 28,17 29,16 30,6 31,13 32,11 33,12 34,14 36,7 37,10 38,10 39,8 40,2 41,6 42,1 43,14 44,2 45,16 46,14 47,14 48,14 49,10 
0,16 1,5 2,17 3,11 4,9 5,1 6,18 7,9 8,17 9,3 10,11 11,19 12,15 13,15 14,3 15,2 16,1 17,13 18,20 19,7 20,10 21,10 22,3 23,12 24,11 25,14 26,7 27,13 28,16 29,7 30,15 31,6 32,7 33,4 34,17 35,7 37,4 38,2 39,3 40,20 41,17 42,13 43,10 44,17 45,9 46,10 47,10 48,3 49,3 
0,2 1,1 2,9 3,13 4,4 5,9 6,18 7,1 8,20 9,17 10,16 11,20 12,18 13,16 14,6 15,4 16,17 17,4 18,20 19,9 20,13 21,18 22,7 23,12 24,15 25,20 26,4 27,15 28,12 29,2 30,14 31,7 32,7 33,1 34,3 35,10 36,4 38,3 39,20 40,20 41,9 42,7 43,9 44,18 45,6 46,10 47,15 48,6 49,15 
0,16 1,13 2,8 3,17 4,14 5,18 6,10 7,4 8,4 9,10 10,4 11,13 12,18 13,2 14,5 15,6 16,11 17,9 18,15 19,6 20,19 21,1 22,9 23,14 24,17 25,11 26,2 27,3 28,18 29,10 30,20 31,20 32,5 33,13 34,11 35,10 36,2 37,3 39,9 40,14 41,9 42,2 43,19 44,10 45,5 46,1 47,12 48,16 49,17 
0,5 1,6 2,6 3,6 4,5 5,17 6,3 7,18 8,20 9,16 10,17 11,10 12,3 13,13 14,14 15,15 16,11 17,2 18,2 19,14 20,18 21,19 22,3 23,18 24,18 25,16 26,11 27,5 28,1 29,16 30,8 31,12 32,3 33,17 34,19 35,8 36,3 37,20 38,9 40,17 41,5 42,5 43,5 44,15 45,15 46,19 47,9 48,9 49,19 
0,14 1,5 2,16 3,12 4,5 5,8 6,3 7,3 8,19 9,10 10,10 11,19 12,17 13,18 14,1 15,9 16,18 17,10 18,9 19,10 20,18 21,10 22,8 23,17 24,2 25,5 26,15 27,4 28,8 29,20 30,18 31,9 32,7 33,2 34,1 35,2 36,20 37,20 38,14 39,17 41,8 42,17 43,17 44,17 45,6 46,2 47,6 48,1 49,19 
0,18 1,18 2,8 3,1 4,1 5,4 6,16 7,18 8,16 9,6 10,4 11,15 12,17 13,17 14,10 15,18 16,15 17,17 18,3 19,6 20,4 21,19 22,19 23,16 24,16 25,19 26,11 27,16 28,6 29,18 30,17 31,14 32,15 33,13 34,5 35,6 36,17 37,9 38,9 39,5 40,8 42,1 43,9 44,12 45,1 46,10 47,11 48,10 49,7 
0,10 1,9 2,8 3,2 4,10 5,8 6,17 7,10 8,2 9,3 10,13 11,15 12,2 13,6 14,14 15,10 16,9 17,17 18,18 19,8 20,7 21,8 22,15 23,16 24,10 25,19 26,3 27,14 28,11 29,15 30,3 31,10 32,11 33,17 34,1 35,1 36,13 37,7 38,2 39,5 40,17 41,1 43,3 44,13 45,2 46,19 47,1 48,7 49,3 
0,16 1,16 2,5 3,13 4,12 5,19 6,14 7,20 8,20 9,10 10,17 11,4 12,19 13,19 14,6 15,12 16,15 17,18 18,6 19,19 20,3 21,19 22,18 23,18 24,13 25,8 26,11 27,8 28,10 29,6 30,4 31,1 32,13 33,16 34,14 35,14 36,10 37,9 38,19 39,5 40,17 41,9 42,3 44,18 45,13 46,9 47,16 48,13 49,18 
0,9 1,9 2,1 3,12 4,6 5,2 6,13 7,16 8,6 9,10 10,1 11,18 12,19 13,16 14,13 15,7 16,8 17,10 18,13 19,12 20,12 21,15 22,20 23,10 24,9 25,6 26,4 27,15 28,19 29,7 30,20 31,8 32,10 33,1 34,14 35,2 36,17 37,18 38,10 39,15 40,17 41,12 42,13 43,18 45,6 46,20 47,6 48,14 49,8 
0,5 1,4 2,10 3,6 4,20 5,12 6,14 7,15 8,4 9,10 10,14 11,17 12,10 13,14 14,4 15,18 16,2 17,4 18,13 19,12 20,5 21,14 22,5 23,15 24,19 25,7 26,2 27,13 28,10 29,15 30,18 31,14 32,13 33,1 34,13 35,16 36,9 37,6 38,5 39,15 40,6 41,1 42,2 43,13 44,6 46,12 47,7 48,6 49,12 
0,4 1,16 2,3 3,11 4,17 5,7 6,19 7,13 8,2 9,4 10,20 11,20 12,4 13,1 14,12 15,14 16,16 17,4 18,2 19,11 20,6 21,14 22,5 23,8 24,2 25,5 26,1 27,4 28,14 29,3 30,9 31,17 32,9 33,7 34,2 35,14 36,10 37,10 38,1 39,19 40,2 41,10 42,19 43,9 44,20 45,12 47,6 48,18 49,12 
0,18 1,3 2,8 3,9 4,12 5,16 6,7 7,8 8,13 9,15 10,8 11,8 12,2 13,6 14,17 15,14 16,7 17,10 18,14 19,5 20,3 21,6 22,19 23,4 24,16 25,7 26,11 27,9 28,13 29,3 30,15 31,5 32,13 33,4 34,6 35,14 36,10 37,15 38,12 39,9 40,6 41,11 42,1 43,16 44,6 45,7 46,6 48,9 49,18 
0,19 1,1 2,12 3,19 4,9 5,6 6,17 7,3 8,1 9,14 10,10 11,20 12,2 13,11 14,16 15,10 16,9 17,19 18,11 19,6 20,15 21,18 22,19 23,12 24,6 25,2 26,7 27,15 28,12 29,6 30,16 31,20 32,14 33,10 34,6 35,14 36,3 37,6 38,16 39,9 40,1 41,10 42,7 43,13 44,14 45,6 46,18 47,9 49,1 
0,10 1,12 2,2 3,1 4,19 5,10 6,10 7,12 8,14 9,20 10,5 11,10 12,8 13,10 14,11 15,20 16,15 17,8 18,9 19,14 20,2 21,11 22,18 23,7 24,19 25,6 26,20 27,18 28,18 29,20 30,10 31,12 32,13 33,17 34,14 35,10 36,3 37,15 38,17 39,19 40,19 41,7 42,3 43,18 44,8 45,12 46,12 47,18 48,1 
