100
1,19 2,15 3,13 4,1 5,1 6,6 7,12 8,18 9,19 10,1 11,20 12,8 13,8 14,19 15,15 16,20 17,12 18,9 19,20 20,14 21,4 22,12 23,10 24,4 25,16 26,1 27,1 28,8 29,14 30,9 31,17 32,12 33,4 34,9 35,12 36,16 37,14 38,16 39,5 40,4 41,16 42,16 43,3 44,15 45,14 46,10 47,6 48,5 49,10 50,6 51,10 52,14 53,9 54,19 55,9 56,16 57,12 58,9 59,4 60,5 61,9 62,20 63,8 64,4 65,20 66,11 67,20 68,6 69,6 70,4 71,1 72,13 73,12 74,4 75,20 76,5 77,5 78,5 79,2 80,14 81,2 82,11 83,7 84,10 85,10 86,7 87,6 88,13 89,15 90,1 91,17 92,16 93,12 94,16 95,11 96,11 97,6 98,2 99,16 
0,19 2,4 3,6 4,17 5,16 6,17 7,12 8,7 9,13 10,16 11,12 12,14 13,9 14,5 15,5 16,8 17,15 18,6 19,14 20,12 21,18 22,1 23,12 24,6 25,8 26,3 27,13 28,18 29,13 30,10 31,20 32,1 33,13 34,17 35,17 36,1 37,5 38,8 39,7 40,17 41,15 42,10 43,3 44,3 45,15 46,19 47,2 48,1 49,16 50,8 51,12 52,13 53,8 54,15 55,10 56,15 57,9 58,14 59,4 60,13 61,3 62,3 63,13 64,16 65,19 66,1 67,16 68,15 69,8 70,14 71,12 72,14 73,4 74,6 75,9 76,18 77,4 78,10 79,18 80,19 81,17 82,1 83,3 84,16 85,15 86,4 87,10 88,3 89,17 90,14 91,15 92,19 93,8 94,20 95,6 96,19 97,20 98,13 99,13 
0,15 1,4 3,20 4,7 5,16 6,13 7,10 8,1 9,1 10,19 11,16 12,11 13,8 14,14 15,19 16,8 17,8 18,15 19,14 20,11 21,4 22,16 23,7 24,9 25,2 26,18 27,9 28,1 29,3 30,7 31,1 32,16 33,11 34,20 35,14 36,7 37,4 38,3 39,19 40,5 41,13 42,15 43,7 44,20 45,20 46,5 47,19 48,8 49,19 50,12 51,18 52,15 53,19 54,17 55,15 56,20 57,6 58,3 59,13 60,8 61,1 62,5 63,15 64,12 65,16 66,8 67,18 68,19 69,2 70,8 71,15 72,6 73,2 74,1 75,5 76,2 77,6 78,15 79,9 80,4 81,6 82,18 83,10 84,16 85,14 86,5 87,8 88,19 89,19 90,20 91,19 92,20 93,16 94,5 95,3 96,11 97,13 98,12 99,1 
0,13 1,6 2,20 4,6 5,19 6,16 7,12 8,13 9,16 10,8 11,14 12,1 13,3 14,14 15,17 16,20 17,11 18,18 19,16 20,17 21,2 22,3 23,7 24,13 25,14 26,17 27,4 28,9 29,2 30,6 31,19 32,6 33,9 34,19 35,11 36,7 37,14 38,2 39,19 40,2 41,10 42,4 43,14 44,4 45,17 46,10 47,3 48,20 49,8 50,10 51,16 52,1 53,12 54,2 55,5 56,17 57,11 58,8 59,5 60,12 61,5 62,15 63,17 64,13 65,6 66,7 67,12 68,11 69,1 70,2 71,12 72,2 73,6 74,6 75,5 76,14 77,7 78,19 79,13 80,6 81,9 82,20 83,7 84,12 85,14 86,3 87,9 88,4 89,3 90,13 91,15 92,7 93,20 94,11 95,12 96,5 97,9 98,15 99,15 
0,1 1,17 2,7 3,6 5,9 6,8 7,7 8,2 9,13 10,12 11,6 12,19 13,18 14,17 15,3 16,4 17,5 18,3 19,2 20,16 21,16 22,16 23,16 24,19 25,18 26,1 27,13 28,17 29,20 30,15 31,20 32,4 33,15 34,14 35,18 36,16 37,1 38,16 39,17 40,6 41,7 42,15 43,16 44,17 45,11 46,18 47,12 48,15 49,20 50,5 51,2 52,15 53,20 54,10 55,5 56,18 57,10 58,9 59,6 60,1 61,3 62,5 63,4 64,10 65,18 66,13 67,5 68,10 69,9 70,1 71,7 72,7 73,7 74,2 75,15 76,17 77,20 78,18 79,3 80,11 81,2 82,17 83,6 84,14 85,6 86,10 87,3 88,15 89,19 90,8 91,15 92,13 93,12 94,10 95,2 96,1 97,2 98,18 99,10 
0,1 1,16 2,16 3,19 4,9 6,2 7,11 8,17 9,9 10,17 11,10 12,3 13,14 14,9 15,1 16,16 17,20 18,14 19,12 20,17 21,7 22,9 23,18 24,9 25,15 26,8 27,8 28,1 29,13 30,19 31,10 32,6 33,19 34,4 35,4 36,1 37,5 38,14 39,9 40,13 41,2 42,18 43,8 44,15 45,19 46,8 47,3 48,10 49,13 50,6 51,18 52,20 53,15 54,15 55,20 56,1 57,15 58,20 59,2 60,7 61,10 62,11 63,12 64,9 65,6 66,15 67,1 68,11 69,20 70,1 71,15 72,2 73,18 74,2 75,8 76,8 77,1 78,10 79,17 80,14 81,8 82,6 83,5 84,14 85,1 86,16 87,14 88,15 89,15 90,15 91,1 92,5 93,18 94,4 95,5 96,3 97,19 98,17 99,5 
0,6 1,17 2,13 3,16 4,8 5,2 7,18 8,17 9,20 10,11 11,14 12,13 13,19 14,14 15,14 16,8 17,2 18,7 19,7 20,8 21,3 22,20 23,20 24,18 25,6 26,6 27,5 28,12 29,18 30,9 31,1 32,1 33,5 34,16 35,19 36,1 37,20 38,9 39,17 40,11 41,19 42,2 43,4 44,9 45,7 46,17 47,17 48,9 49,15 50,15 51,16 52,17 53,7 54,7 55,6 56,12 57,12 58,10 59,15 60,9 61,10 62,16 63,9 64,6 65,11 66,20 67,6 68,10 69,8 70,14 71,1 72,18 73,8 74,4 75,7 76,14 77,12 78,15 79,2 80,6 81,1 82,9 83,14 84,7 85,15 86,11 87,10 88,6 89,13 90,5 91,6 92,14 93,20 94,15 95,20 96,10 97,14 98,17 99,11 
0,12 1,12 2,10 3,12 4,7 5,11 6,18 8,13 9,11 10,3 11,2 12,10 13,18 14,8 15,3 16,9 17,14 18,17 19,6 20,15 21,5 22,11 23,1 24,12 25,2 26,11 27,9 28,6 29,7 30,15 31,19 32,6 33,9 34,18 35,7 36,14 37,7 38,17 39,6 40,9 41,20 42,19 43,18 44,17 45,7 46,20 47,18 48,12 49,8 50,3 51,18 52,5 53,6 54,11 55,16 56,7 57,13 58,4 59,12 60,19 61,10 62,2 63,4 64,18 65,20 66,10 67,3 68,6 69,18 70,8 71,14 72,17 73,19 74,3 75,6 76,17 77,14 78,3 79,8 80,2 81,17 82,6 83,6 84,2 85,8 86,13 87,20 88,20 89,16 90,3 91,18 92,6 93,5 94,13 95,15 96,16 97,14 98,18 99,13 
0,18 1,7 2,1 3,13 4,2 5,17 6,17 7,13 9,11 10,17 11,18 12,20 13,15 14,20 15,17 16,11 17,13 18,11 19,11 20,6 21,19 22,8 23,11 24,1 25,15 26,3 27,12 28,6 29,11 30,15 31,3 32,8 33,11 34,7 35,14 36,6 37,20 38,3 39,10 40,2 41,12 42,7 43,13 44,18 45,18 46,9 47,1 48,2 49,11 50,11 51,8 52,10 53,10 54,10 55,2 56,4 57,13 58,13 59,1 60,15 61,19 62,3 63,2 64,1 65,1 66,7 67,18 68,12 69,10 70,7 71,5 72,1 73,5 74,18 75,18 76,2 77,18 78,18 79,16 80,9 81,20 82,3 83,18 84,9 85,12 86,11 87,4 88,16 89,3 90,4 91,2 92,14 93,6 94,15 95,14 96,18 97,2 98,12 99,9 
0,19 1,13 2,1 3,16 4,13 5,9 6,20 7,11 8,11 10,11 11,18 12,14 13,3 14,15 15,3 16,20 17,16 18,20 19,18 20,3 21,20 22,17 23,5 24,17 25,18 26,9 27,19 28,1 29,16 30,2 31,5 32,18 33,7 34,2 35,12 36,20 37,20 38,5 39,11 40,20 41,7 42,1 43,13 44,9 45,15 46,7 47,9 48,2 49,7 50,18 51,5 52,6 53,6 54,1 55,15 56,3 57,1 58,13 59,4 60,17 61,6 62,8 63,6 64,12 65,9 66,9 67,4 68,20 69,14 70,14 71,20 72,20 73,6 74,4 75,9 76,12 77,11 78,17 79,6 80,9 81,6 82,2 83,14 84,11 85,2 86,20 87,14 88,3 89,5 90,17 91,11 92,10 93,16 94,16 95,14 96,4 97,4 98,17 99,4 
0,1 1,16 2,19 3,8 4,12 5,17 6,11 7,3 8,17 9,11 11,17 12,2 13,15 14,9 15,20 16,18 17,17 18,11 19,8 20,5 21,8 22,8 23,10 24,9 25,14 26,20 27,3 28,13 29,5 30,5 31,17 32,1 33,15 34,19 35,8 36,2 37,12 38,12 39,5 40,20 41,7 42,14 43,1 44,1 45,2 46,12 47,18 48,18 49,3 50,18 51,14 52,2 53,5 54,15 55,11 56,18 57,6 58,13 59,3 60,11 61,9 62,11 63,3 64,15 65,9 66,11 67,16 68,12 69,14 70,12 71,3 72,20 73,5 74,16 75,20 76,6 77,7 78,9 79,15 80,1 81,18 82,8 83,3 84,15 85,2 86,13 87,12 88,8 89,17 90,6 91,10 92,5 93,17 94,12 95,11 96,17 97,14 98,6 99,1 
0,20 1,12 2,16 3,14 4,6 5,10 6,14 7,2 8,18 9,18 10,17 12,7 13,17 14,3 15,6 16,2 17,18 18,17 19,19 20,5 21,18 22,14 23,5 24,15 25,13 26,7 27,9 28,7 29,11 30,13 31,14 32,7 33,18 34,15 35,3 36,6 37,18 38,13 39,3 40,12 41,10 42,3 43,10 44,7 45,17 46,16 47,20 48,15 49,4 50,18 51,11 52,1 53,3 54,7 55,8 56,16 57,6 58,16 59,2 60,16 61,8 62,7 63,15 64,18 65,13 66,9 67,3 68,10 69,2 70,17 71,13 72,11 73,11 74,3 75,9 76,8 77,18 78,20 79,14 80,13 81,10 82,4 83,6 84,12 85,2 86,13 87,19 88,7 89,8 90,12 91,3 92,8 93,10 94,9 95,17 96,2 97,17 98,11 99,12 
0,8 1,14 2,11 3,1 4,19 5,3 6,13 7,10 8,20 9,14 10,2 11,7 13,10 14,8 15,4 16,1 17,18 18,18 19,1 20,17 21,15 22,13 23,10 24,20 25,2 26,5 27,5 28,5 29,7 30,17 31,4 32,13 33,16 34,7 35,7 36,15 37,17 38,15 39,3 40,10 41,4 42,14 43,13 44,13 45,13 46,9 47,5 48,2 49,6 50,18 51,19 52,13 53,10 54,8 55,12 56,11 57,13 58,8 59,7 60,19 61,16 62,2 63,3 64,3 65,9 66,10 67,10 68,17 69,4 70,12 71,6 72,19 73,17 74,19 75,12 76,9 77,7 78,16 79,11 80,4 81,13 82,9 83,16 84,14 85,8 86,7 87,4 88,20 89,14 90,11 91,10 92,1 93,12 94,13 95,4 96,12 97,2 98,13 99,8 
0,8 1,9 2,8 3,3 4,18 5,14 6,19 7,18 8,15 9,3 10,15 11,17 12,10 14,17 15,4 16,6 17,16 18,1 19,16 20,19 21,1 22,2 23,14 24,11 25,5 26,19 27,11 28,13 29,12 30,19 31,19 32,8 33,18 34,5 35,10 36,8 37,5 38,13 39,12 40,8 41,5 42,13 43,12 44,4 45,1 46,16 47,9 48,16 49,8 50,4 51,14 52,8 53,17 54,20 55,11 56,14 57,10 58,1 59,6 60,13 61,19 62,16 63,12 64,17 65,12 66,1 67,16 68,9 69,14 70,7 71,16 72,10 73,11 74,20 75,5 76,11 77,15 78,6 79,7 80,14 81,9 82,12 83,1 84,18 85,3 86,11 87,3 88,4 89,12 90,20 91,17 92,10 93,7 94,8 95,18 96,19 97,9 98,13 99,7 
0,19 1,5 2,14 3,14 4,17 5,9 6,14 7,8 8,20 9,15 10,9 11,3 12,8 13,17 15,14 16,11 17,14 18,15 19,1 20,13 21,19 22,12 23,19 24,4 25,10 26,12 27,5 28,13 29,5 30,14 31,16 32,7 33,8 34,19 35,10 36,7 37,7 38,20 39,13 40,15 41,9 42,11 43,15 44,14 45,9 46,20 47,16 48,3 49,14 50,17 51,7 52,4 53,20 54,6 55,20 56,9 57,9 58,16 59,13 60,13 61,9 62,8 63,20 64,16 65,19 66,9 67,14 68,5 69,20 70,6 71,11 72,1 73,9 74,5 75,14 76,17 77,16 78,9 79,11 80,1 81,17 82,18 83,5 84,16 85,15 86,4 87,16 88,3 89,11 90,9 91,16 92,19 93,8 94,7 95,6 96,18 97,7 98,19 99,3 
0,15 1,5 2,19 3,17 4,3 5,1 6,14 7,3 8,17 9,3 10,20 11,6 12,4 13,4 14,14 16,7 17,16 18,5 19,7 20,16 21,10 22,12 23,13 24,17 25,20 26,15 27,18 28,9 29,4 30,2 31,4 32,18 33,17 34,12 35,1 36,19 37,12 38,8 39,17 40,19 41,14 42,14 43,17 44,20 45,4 46,11 47,18 48,19 49,15 50,4 51,15 52,16 53,7 54,19 55,13 56,19 57,5 58,10 59,7 60,9 61,3 62,2 63,6 64,11 65,13 66,6 67,9 68,4 69,5 70,17 71,15 72,18 73,10 74,3 75,10 76,5 77,13 78,7 79,3 80,19 81,3 82,9 83,15 84,9 85,19 86,19 87,7 88,4 89,20 90,5 91,12 92,14 93,7 94,9 95,16 96,11 97,7 98,4 99,7 
0,20 1,8 2,8 3,20 4,4 5,16 6,8 7,9 8,11 9,20 10,18 11,2 12,1 13,6 14,11 15,7 17,11 18,12 19,1 20,1 21,13 22,3 23,10 24,17 25,7 26,16 27,11 28,5 29,10 30,20 31,11 32,19 33,10 34,9 35,17 36,5 37,20 38,14 39,8 40,13 41,20 42,17 43,8 44,2 45,3 46,3 47,8 48,5 49,14 50,8 51,5 52,18 53,2 54,6 55,14 56,20 57,14 58,5 59,5 60,3 61,16 62,7 63,13 64,17 65,8 66,10 67,2 68,7 69,3 70,9 71,12 72,14 73,5 74,11 75,15 76,19 77,14 78,3 79,16 80,19 81,2 82,12 83,17 84,16 85,18 86,2 87,15 88,11 89,18 90,11 91,13 92,13 93,18 94,6 95,2 96,5 97,7 98,3 99,3 
0,12 1,15 2,8 3,11 4,5 5,20 6,2 7,14 8,13 9,16 10,17 11,18 12,18 13,16 14,14 15,16 16,11 18,1 19,11 20,14 21,14 22,8 23,5 24,20 25,18 26,10 27,14 28,13 29,20 30,8 31,5 32,8 33,3 34,14 35,10 36,9 37,4 38,7 39,20 40,8 41,12 42,17 43,5 44,5 45,13 46,11 47,7 48,15 49,3 50,9 51,9 52,16 53,16 54,5 55,8 56,6 57,6 58,1 59,10 60,5 61,8 62,14 63,13 64,2 65,19 66,14 67,11 68,2 69,12 70,2 71,2 72,15 73,18 74,6 75,19 76,2 77,9 78,5 79,16 80,11 81,14 82,16 83,19 84,1 85,20 86,18 87,18 88,5 89,18 90,8 91,2 92,18 93,13 94,14 95,11 96,12 97,19 98,1 99,5 
0,9 1,6 2,15 3,18 4,3 5,14 6,7 7,17 8,11 9,20 10,11 11,17 12,18 13,1 14,15 15,5 16,12 17,1 19,10 20,14 21,6 22,5 23,11 24,4 25,3 26,12 27,4 28,20 29,20 30,6 31,5 32,15 33,4 34,17 35,7 36,13 37,15 38,3 39,11 40,2 41,4 42,20 43,6 44,9 45,10 46,17 47,7 48,3 49,2 50,9 51,16 52,19 53,13 54,19 55,14 56,7 57,2 58,17 59,18 60,13 61,3 62,14 63,8 64,18 65,11 66,6 67,11 68,17 69,8 70,13 71,10 72,4 73,12 74,15 75,12 76,13 77,4 78,11 79,7 80,17 81,19 82,15 83,15 84,3 85,13 86,9 87,1 88,6 89,17 90,19 91,19 92,19 93,4 94,18 95,17 96,14 97,3 98,7 99,2 
0,20 1,14 2,14 3,16 4,2 5,12 6,7 7,6 8,11 9,18 10,8 11,19 12,1 13,16 14,1 15,7 16,1 17,11 18,10 20,2 21,11 22,11 23,5 24,14 25,18 26,9 27,6 28,1 29,11 30,5 31,17 32,9 33,19 34,3 35,3 36,3 37,3 38,3 39,8 40,20 41,13 42,18 43,10 44,17 45,7 46,6 47,2 48,9 49,4 50,4 51,3 52,14 53,6 54,7 55,7 56,3 57,7 58,5 59,15 60,17 61,9 62,11 63,17 64,7 65,6 66,19 67,1 68,20 69,14 70,20 71,19 72,18 73,18 74,9 75,14 76,4 77,6 78,8 79,5 80,10 81,11 82,7 83,15 84,16 85,5 86,14 87,11 88,12 89,18 90,5 91,8 92,18 93,8 94,17 95,16 96,13 97,7 98,16 99,12 
0,14 1,12 2,11 3,17 4,16 5,17 6,8 7,15 8,6 9,3 10,5 11,5 12,17 13,19 14,13 15,16 16,1 17,14 18,14 19,2 21,20 22,15 23,3 24,18 25,4 26,3 27,3 28,20 29,20 30,10 31,4 32,1 33,12 34,2 35,16 36,8 37,6 38,1 39,10 40,9 41,18 42,14 43,9 44,7 45,1 46,5 47,2 48,5 49,11 50,9 51,17 52,3 53,3 54,11 55,20 56,19 57,5 58,14 59,18 60,4 61,4 62,13 63,5 64,15 65,6 66,12 67,14 68,3 69,12 70,3 71,12 72,1 73,9 74,20 75,7 76,9 77,16 78,8 79,14 80,18 81,8 82,2 83,20 84,10 85,4 86,11 87,20 88,8 89,5 90,17 91,3 92,20 93,1 94,7 95,6 96,6 97,10 98,12 99,9 
0,4 1,18 2,4 3,2 4,16 5,7 6,3 7,5 8,19 9,20 10,8 11,18 12,15 13,1 14,19 15,10 16,13 17,14 18,6 19,11 20,20 22,1 23,6 24,12 25,1 26,14 27,3 28,19 29,3 30,18 31,18 32,8 33,15 34,5 35,9 36,7 37,7 38,4 39,17 40,6 41,11 42,13 43,15 44,13 45,4 46,15 47,12 48,10 49,13 50,1 51,13 52,13 53,14 54,18 55,16 56,6 57,12 58,18 59,5 60,6 61,7 62,2 63,5 64,13 65,19 66,5 67,19 68,5 69,8 70,8 71,10 72,18 73,20 74,4 75,2 76,16 77,11 78,5 79,5 80,15 81,18 82,17 83,19 84,11 85,6 86,14 87,16 88,9 89,11 90,12 91,6 92,17 93,6 94,10 95,9 96,4 97,6 98,20 99,8 
0,12 1,1 2,16 3,3 4,16 5,9 6,20 7,11 8,8 9,17 10,8 11,14 12,13 13,2 14,12 15,12 16,3 17,8 18,5 19,11 20,15 21,1 23,13 24,7 25,9 26,2 27,18 28,5 29,16 30,13 31,15 32,20 33,9 34,1 35,17 36,17 37,19 38,7 39,3 40,12 41,15 42,3 43,14 44,18 45,9 46,2 47,3 48,10 49,10 50,6 51,16 52,1 53,5 54,8 55,19 56,14 57,2 58,17 59,18 60,17 61,1 62,4 63,16 64,2 65,4 66,13 67,18 68,14 69,11 70,12 71,5 72,17 73,15 74,10 75,15 76,15 77,11 78,17 79,4 80,12 81,15 82,19 83,13 84,11 85,19 86,11 87,4 88,20 89,19 90,13 91,16 92,12 93,8 94,3 95,13 96,11 97,7 98,2 99,4 
0,10 1,12 2,7 3,7 4,16 5,18 6,20 7,1 8,11 9,5 10,10 11,5 12,10 13,14 14,19 15,13 16,10 17,5 18,11 19,5 20,3 21,6 22,13 24,18 25,14 26,20 27,6 28,8 29,1 30,20 31,14 32,11 33,9 34,17 35,15 36,15 37,16 38,19 39,5 40,6 41,9 42,1 43,5 44,20 45,5 46,12 47,11 48,13 49,14 50,15 51,3 52,13 53,16 54,19 55,10 56,9 57,10 58,15 59,8 60,3 61,7 62,1 63,13 64,7 65,10 66,19 67,1 68,17 69,17 70,17 71,2 72,18 73,17 74,18 75,17 76,2 77,1 78,19 79,14 80,6 81,5 82,8 83,18 84,20 85,18 86,19 87,1 88,20 89,6 90,20 91,2 92,12 93,13 94,6 95,18 96,2 97,5 98,10 99,18 
0,4 1,6 2,9 3,13 4,19 5,9 6,18 7,12 8,1 9,17 10,9 11,15 12,20 13,11 14,4 15,17 16,17 17,20 18,4 19,14 20,18 21,12 22,7 23,18 25,1 26,6 27,11 28,18 29,15 30,20 31,6 32,16 33,20 34,16 35,1 36,5 37,20 38,20 39,15 40,12 41,18 42,13 43,12 44,9 45,18 46,3 47,10 48,9 49,15 50,7 51,18 52,8 53,11 54,19 55,17 56,4 57,5 58,7 59,13 60,11 61,18 62,19 63,18 64,17 65,6 66,18 67,14 68,6 69,9 70,8 71,9 72,18 73,20 74,20 75,6 76,10 77,14 78,7 79,18 80,1 81,14 82,8 83,8 84,16 85,6 86,17 87,11 88,2 89,15 90,4 91,12 92,13 93,14 94,9 95,9 96,19 97,18 98,14 99,16 
0,16 1,8 2,2 3,14 4,18 5,15 6,6 7,2 8,15 9,18 10,14 11,13 12,2 13,5 14,10 15,20 16,7 17,18 18,3 19,18 20,4 21,1 22,9 23,14 24,1 26,7 27,1 28,4 29,16 30,13 31,15 32,2 33,2 34,9 35,20 36,11 37,9 38,13 39,10 40,8 41,1 42,8 43,4 44,11 45,9 46,11 47,14 48,13 49,3 50,19 51,13 52,3 53,18 54,11 55,17 56,13 57,9 58,17 59,9 60,4 61,1 62,3 63,17 64,2 65,11 66,17 67,5 68,11 69,1 70,14 71,11 72,13 73,1 74,6 75,4 76,2 77,16 78,9 79,14 80,18 81,8 82,6 83,1 84,5 85,8 86,9 87,9 88,16 89,5 90,17 91,12 92,18 93,12 94,20 95,11 96,14 97,16 98,15 99,5 
0,1 1,3 2,18 3,17 4,1 5,8 6,6 7,11 8,3 9,9 10,20 11,7 12,5 13,19 14,12 15,15 16,16 17,10 18,12 19,9 20,3 21,14 22,2 23,20 24,6 25,7 27,9 28,9 29,7 30,1 31,1 32,12 33,4 34,2 35,8 36,5 37,7 38,17 39,12 40,13 41,9 42,8 43,12 44,17 45,16 46,20 47,14 48,5 49,11 50,11 51,16 52,10 53,1 54,9 55,18 56,8 57,5 58,18 59,16 60,11 61,18 62,8 63,15 64,14 65,10 66,14 67,18 68,16 69,10 70,1 71,20 72,11 73,8 74,12 75,7 76,15 77,11 78,12 79,19 80,13 81,14 82,6 83,14 84,7 85,7 86,3 87,14 88,11 89,20 90,1 91,14 92,18 93,8 94,8 95,3 96,17 97,13 98,12 99,5 
0,1 1,13 2,9 3,4 4,13 5,8 6,5 7,9 8,12 9,19 10,3 11,9 12,5 13,11 14,5 15,18 16,11 17,14 18,4 19,6 20,3 21,3 22,18 23,6 24,11 25,1 26,9 28,14 29,12 30,4 31,4 32,19 33,15 34,3 35,13 36,17 37,14 38,4 39,9 40,20 41,9 42,15 43,6 44,7 45,17 46,19 47,18 48,17 49,19 50,3 51,6 52,18 53,2 54,8 55,15 56,14 57,19 58,19 59,7 60,10 61,14 62,3 63,20 64,9 65,5 66,12 67,17 68,10 69,15 70,6 71,9 72,16 73,20 74,6 75,2 76,8 77,4 78,11 79,4 80,14 81,13 82,9 83,12 84,14 85,16 86,18 87,19 88,6 89,8 90,6 91,15 92,1 93,8 94,14 95,1 96,4 97,18 98,18 99,5 
0,8 1,18 2,1 3,9 4,17 5,1 6,12 7,6 8,6 9,1 10,13 11,7 12,5 13,13 14,13 15,9 16,5 17,13 18,20 19,1 20,20 21,19 22,5 23,8 24,18 25,4 26,9 27,14 29,4 30,15 31,6 32,11 33,6 34,11 35,13 36,13 37,7 38,15 39,17 40,20 41,20 42,17 43,3 44,5 45,13 46,12 47,4 48,18 49,19 50,1 51,5 52,20 53,20 54,10 55,12 56,3 57,7 58,9 59,19 60,11 61,15 62,4 63,1 64,20 65,15 66,5 67,5 68,1 69,20 70,1 71,12 72,19 73,17 74,7 75,15 76,1 77,18 78,18 79,11 80,17 81,18 82,15 83,8 84,9 85,4 86,19 87,3 88,3 89,20 90,2 91,13 92,14 93,5 94,5 95,6 96,11 97,10 98,10 99,11 
0,14 1,13 2,3 3,2 4,20 5,13 6,18 7,7 8,11 9,16 10,5 11,11 12,7 13,12 14,5 15,4 16,10 17,20 18,20 19,11 20,20 21,3 22,16 23,1 24,15 25,16 26,7 27,12 28,4 30,1 31,10 32,15 33,11 34,18 35,1 36,5 37,11 38,18 39,15 40,1 41,6 42,4 43,7 44,5 45,13 46,2 47,4 48,15 49,4 50,15 51,16 52,8 53,20 54,13 55,13 56,5 57,3 58,14 59,14 60,6 61,6 62,15 63,12 64,8 65,13 66,12 67,4 68,3 69,1 70,18 71,15 72,19 73,2 74,1 75,3 76,14 77,2 78,18 79,20 80,18 81,12 82,8 83,5 84,12 85,20 86,9 87,16 88,14 89,2 90,2 91,11 92,19 93,16 94,2 95,6 96,8 97,13 98,10 99,2 
0,9 1,10 2,7 3,6 4,15 5,19 6,9 7,15 8,15 9,2 10,5 11,13 12,17 13,19 14,14 15,2 16,20 17,8 18,6 19,5 20,10 21,18 22,13 23,20 24,20 25,13 26,1 27,4 28,15 29,1 31,6 32,7 33,8 34,4 35,20 36,20 37,18 38,5 39,2 40,16 41,5 42,19 43,19 44,12 45,15 46,2 47,3 48,4 49,18 50,8 51,5 52,11 53,19 54,16 55,6 56,20 57,1 58,6 59,5 60,2 61,19 62,2 63,9 64,7 65,5 66,20 67,6 68,2 69,5 70,19 71,9 72,1 73,9 74,8 75,12 76,4 77,9 78,6 79,7 80,18 81,13 82,3 83,8 84,3 85,18 86,6 87,15 88,11 89,11 90,19 91,12 92,9 93,20 94,12 95,7 96,16 97,12 98,13 99,9 
0,17 1,20 2,1 3,19 4,20 5,10 6,1 7,19 8,3 9,5 10,17 11,14 12,4 13,19 14,16 15,4 16,11 17,5 18,5 19,17 20,4 21,18 22,15 23,14 24,6 25,15 26,1 27,4 28,6 29,10 30,6 32,8 33,3 34,10 35,8 36,12 37,17 38,11 39,15 40,17 41,8 42,13 43,15 44,12 45,7 46,14 47,15 48,17 49,19 50,9 51,7 52,1 53,19 54,10 55,10 56,18 57,14 58,16 59,5 60,5 61,20 62,5 63,4 64,3 65,14 66,11 67,14 68,2 69,13 70,20 71,19 72,20 73,4 74,5 75,11 76,10 77,10 78,5 79,6 80,9 81,5 82,4 83,9 84,3 85,14 86,10 87,12 88,7 89,18 90,16 91,3 92,17 93,13 94,6 95,19 96,6 97,8 98,4 99,20 
0,12 1,1 2,16 3,6 4,4 5,6 6,1 7,6 8,8 9,18 10,1 11,7 12,13 13,8 14,7 15,18 16,19 17,8 18,15 19,9 20,1 21,8 22,20 23,11 24,16 25,2 26,12 27,19 28,11 29,15 30,7 31,8 33,20 34,15 35,18 36,11 37,18 38,14 39,1 40,8 41,3 42,18 43,5 44,11 45,2 46,9 47,12 48,17 49,2 50,1 51,8 52,20 53,18 54,4 55,2 56,7 57,8 58,19 59,17 60,5 61,18 62,1 63,4 64,9 65,7 66,13 67,19 68,5 69,6 70,11 71,4 72,9 73,20 74,20 75,11 76,14 77,8 78,14 79,10 80,1 81,15 82,17 83,20 84,4 85,12 86,13 87,2 88,19 89,11 90,19 91,4 92,20 93,11 94,7 95,8 96,17 97,20 98,6 99,13 
0,4 1,13 2,11 3,9 4,15 5,19 6,5 7,9 8,11 9,7 10,15 11,18 12,16 13,18 14,8 15,17 16,10 17,3 18,4 19,19 20,12 21,15 22,9 23,9 24,20 25,2 26,4 27,15 28,6 29,11 30,8 31,3 32,20 34,5 35,9 36,8 37,5 38,8 39,8 40,16 41,1 42,7 43,9 44,10 45,8 46,15 47,7 48,19 49,11 50,18 51,12 52,12 53,17 54,14 55,2 56,12 57,14 58,12 59,18 60,13 61,1 62,9 63,11 64,5 65,6 66,19 67,13 68,10 69,18 70,20 71,17 72,19 73,6 74,6 75,20 76,5 77,12 78,18 79,4 80,14 81,16 82,7 83,18 84,4 85,12 86,19 87,7 88,5 89,3 90,4 91,10 92,15 93,5 94,20 95,19 96,10 97,18 98,11 99,11 
0,9 1,17 2,20 3,19 4,14 5,4 6,16 7,18 8,7 9,2 10,19 11,15 12,7 13,5 14,19 15,12 16,9 17,14 18,17 19,3 20,2 21,5 22,1 23,17 24,16 25,9 26,2 27,3 28,11 29,18 30,4 31,10 32,15 33,5 35,15 36,2 37,8 38,5 39,20 40,5 41,5 42,16 43,16 44,2 45,19 46,2 47,9 48,17 49,19 50,4 51,9 52,9 53,10 54,5 55,11 56,6 57,14 58,17 59,2 60,13 61,16 62,11 63,2 64,18 65,13 66,9 67,12 68,20 69,13 70,11 71,4 72,9 73,6 74,12 75,3 76,17 77,5 78,3 79,13 80,3 81,7 82,1 83,11 84,8 85,6 86,14 87,5 88,11 89,10 90,6 91,4 92,5 93,16 94,5 95,15 96,1 97,13 98,6 99,20 
0,12 1,17 2,14 3,11 4,18 5,4 6,19 7,7 8,14 9,12 10,8 11,3 12,7 13,10 14,10 15,1 16,17 17,10 18,7 19,3 20,16 21,9 22,17 23,15 24,1 25,20 26,8 27,13 28,13 29,1 30,20 31,8 32,18 33,9 34,15 36,18 37,8 38,16 39,6 40,5 41,19 42,20 43,1 44,3 45,3 46,6 47,17 48,1 49,18 50,19 51,8 52,15 53,12 54,13 55,6 56,2 57,10 58,1 59,18 60,18 61,17 62,4 63,18 64,10 65,9 66,17 67,19 68,8 69,4 70,16 71,13 72,2 73,16 74,5 75,16 76,10 77,2 78,12 79,10 80,20 81,11 82,9 83,6 84,14 85,13 86,11 87,7 88,3 89,3 90,17 91,20 92,20 93,20 94,17 95,9 96,1 97,5 98,19 99,8 
0,16 1,1 2,7 3,7 4,16 5,1 6,1 7,14 8,6 9,20 10,2 11,6 12,15 13,8 14,7 15,19 16,5 17,9 18,13 19,3 20,8 21,7 22,17 23,15 24,5 25,11 26,5 27,17 28,13 29,5 30,20 31,12 32,11 33,8 34,2 35,18 37,9 38,14 39,12 40,2 41,1 42,9 43,10 44,10 45,10 46,13 47,11 48,1 49,15 50,12 51,7 52,9 53,16 54,17 55,15 56,10 57,20 58,3 59,9 60,11 61,3 62,17 63,19 64,3 65,14 66,9 67,2 68,14 69,2 70,6 71,15 72,15 73,14 74,4 75,16 76,3 77,17 78,7 79,4 80,11 81,10 82,10 83,11 84,5 85,18 86,18 87,15 88,9 89,20 90,15 91,19 92,2 93,4 94,9 95,16 96,17 97,17 98,10 99,10 
0,14 1,5 2,4 3,14 4,1 5,5 6,20 7,7 8,20 9,20 10,12 11,18 12,17 13,5 14,7 15,12 16,20 17,4 18,15 19,3 20,6 21,7 22,19 23,16 24,20 25,9 26,7 27,14 28,7 29,11 30,18 31,17 32,18 33,5 34,8 35,8 36,9 38,11 39,15 40,4 41,5 42,8 43,20 44,20 45,2 46,8 47,18 48,5 49,10 50,7 51,6 52,13 53,4 54,16 55,10 56,18 57,16 58,9 59,4 60,7 61,3 62,7 63,15 64,10 65,3 66,4 67,19 68,12 69,6 70,5 71,8 72,2 73,12 74,19 75,13 76,6 77,18 78,11 79,2 80,7 81,9 82,20 83,19 84,4 85,15 86,20 87,1 88,10 89,9 90,17 91,16 92,3 93,3 94,3 95,12 96,18 97,18 98,11 99,9 
0,16 1,8 2,3 3,2 4,16 5,14 6,9 7,17 8,3 9,5 10,12 11,13 12,15 13,13 14,20 15,8 16,14 17,7 18,3 19,3 20,1 21,4 22,7 23,19 24,20 25,13 26,17 27,4 28,15 29,18 30,5 31,11 32,14 33,8 34,5 35,16 36,14 37,11 39,3 40,7 41,8 42,4 43,11 44,6 45,16 46,16 47,15 48,18 49,17 50,2 51,19 52,16 53,12 54,2 55,2 56,12 57,3 58,12 59,12 60,11 61,19 62,14 63,13 64,13 65,5 66,10 67,10 68,7 69,11 70,12 71,14 72,10 73,7 74,4 75,8 76,15 77,11 78,2 79,12 80,7 81,3 82,10 83,15 84,7 85,12 86,16 87,10 88,6 89,19 90,1 91,16 92,10 93,6 94,20 95,2 96,2 97,2 98,12 99,9 
0,5 1,7 2,19 3,19 4,17 5,9 6,17 7,6 8,10 9,11 10,5 11,3 12,3 13,12 14,13 15,17 16,8 17,20 18,11 19,8 20,10 21,17 22,3 23,5 24,15 25,10 26,12 27,9 28,17 29,15 30,2 31,15 32,1 33,8 34,20 35,6 36,12 37,15 38,3 40,12 41,15 42,14 43,1 44,2 45,9 46,8 47,16 48,19 49,10 50,19 51,17 52,4 53,9 54,11 55,2 56,12 57,19 58,11 59,17 60,17 61,3 62,4 63,6 64,8 65,3 66,20 67,10 68,4 69,11 70,10 71,7 72,5 73,15 74,8 75,18 76,3 77,7 78,13 79,1 80,16 81,4 82,9 83,12 84,12 85,20 86,13 87,3 88,10 89,4 90,11 91,18 92,18 93,14 94,4 95,6 96,8 97,15 98,7 99,12 
0,4 1,17 2,5 3,2 4,6 5,13 6,11 7,9 8,2 9,20 10,20 11,12 12,10 13,8 14,15 15,19 16,13 17,8 18,2 19,20 20,9 21,6 22,12 23,6 24,12 25,8 26,13 27,20 28,20 29,1 30,16 31,17 32,8 33,16 34,5 35,5 36,2 37,4 38,7 39,12 41,5 42,16 43,18 44,1 45,2 46,17 47,11 48,4 49,4 50,15 51,16 52,11 53,18 54,4 55,2 56,9 57,15 58,15 59,3 60,4 61,10 62,13 63,2 64,7 65,18 66,17 67,4 68,6 69,11 70,10 71,9 72,7 73,17 74,6 75,19 76,18 77,15 78,9 79,1 80,18 81,4 82,8 83,8 84,1 85,12 86,10 87,10 88,6 89,16 90,4 91,2 92,5 93,9 94,3 95,3 96,6 97,19 98,7 99,11 
0,16 1,15 2,13 3,10 4,7 5,2 6,19 7,20 8,12 9,7 10,7 11,10 12,4 13,5 14,9 15,14 16,20 17,12 18,4 19,13 20,18 21,11 22,15 23,9 24,18 25,1 26,9 27,9 28,20 29,6 30,5 31,8 32,3 33,1 34,5 35,19 36,1 37,5 38,8 39,15 40,5 42,1 43,16 44,19 45,7 46,13 47,17 48,5 49,2 50,11 51,14 52,15 53,20 54,17 55,2 56,7 57,9 58,13 59,8 60,18 61,11 62,15 63,14 64,12 65,19 66,2 67,14 68,14 69,7 70,4 71,20 72,10 73,4 74,15 75,20 76,2 77,19 78,16 79,18 80,13 81,18 82,3 83,7 84,17 85,11 86,8 87,16 88,20 89,1 90,15 91,9 92,11 93,10 94,2 95,14 96,20 97,3 98,7 99,13 
0,16 1,10 2,15 3,4 4,15 5,18 6,2 7,19 8,7 9,1 10,14 11,3 12,14 13,13 14,11 15,14 16,17 17,17 18,20 19,18 20,14 21,13 22,3 23,1 24,13 25,8 26,8 27,15 28,17 29,4 30,19 31,13 32,18 33,7 34,16 35,20 36,9 37,8 38,4 39,14 40,16 41,1 43,2 44,2 45,12 46,11 47,17 48,19 49,10 50,18 51,9 52,18 53,7 54,1 55,15 56,10 57,7 58,4 59,20 60,15 61,19 62,19 63,7 64,13 65,8 66,9 67,14 68,1 69,2 70,14 71,4 72,20 73,6 74,5 75,1 76,10 77,7 78,17 79,8 80,8 81,6 82,16 83,5 84,12 85,9 86,20 87,1 88,15 89,15 90,13 91,1 92,13 93,11 94,19 95,17 96,10 97,7 98,3 99,11 
0,3 1,3 2,7 3,14 4,16 5,8 6,4 7,18 8,13 9,13 10,1 11,10 12,13 13,12 14,15 15,17 16,8 17,5 18,6 19,10 20,9 21,15 22,14 23,5 24,12 25,4 26,12 27,6 28,3 29,7 30,19 31,15 32,5 33,9 34,16 35,1 36,10 37,20 38,11 39,1 40,18 41,16 42,2 44,20 45,16 46,6 47,19 48,13 49,2 50,11 51,2 52,8 53,19 54,9 55,15 56,4 57,17 58,12 59,8 60,5 61,3 62,20 63,11 64,17 65,12 66,4 67,1 68,15 69,2 70,17 71,16 72,1 73,11 74,6 75,20 76,6 77,3 78,11 79,19 80,4 81,1 82,12 83,3 84,12 85,1 86,10 87,15 88,9 89,1 90,14 91,13 92,3 93,14 94,15 95,19 96,17 97,18 98,19 99,3 
0,15 1,3 2,20 3,4 4,17 5,15 6,9 7,17 8,18 9,9 10,1 11,7 12,13 13,4 14,14 15,20 16,2 17,5 18,9 19,17 20,7 21,13 22,18 23,20 24,9 25,11 26,17 27,7 28,5 29,5 30,12 31,12 32,11 33,10 34,2 35,3 36,10 37,20 38,6 39,2 40,1 41,19 42,2 43,20 45,20 46,7 47,19 48,20 49,18 50,16 51,11 52,15 53,11 54,1 55,5 56,14 57,14 58,17 59,17 60,5 61,9 62,6 63,11 64,17 65,18 66,5 67,1 68,20 69,10 70,15 71,10 72,18 73,13 74,20 75,1 76,4 77,6 78,11 79,3 80,15 81,18 82,5 83,2 84,8 85,6 86,6 87,2 88,11 89,2 90,10 91,15 92,10 93,7 94,5 95,18 96,4 97,1 98,18 99,15 
0,14 1,15 2,20 3,17 4,11 5,19 6,7 7,7 8,18 9,15 10,2 11,17 12,13 13,1 14,9 15,4 16,3 17,13 18,10 19,7 20,1 21,4 22,9 23,5 24,18 25,9 26,16 27,17 28,13 29,13 30,15 31,7 32,2 33,8 34,19 35,3 36,10 37,2 38,16 39,9 40,2 41,7 42,12 43,16 44,20 46,2 47,13 48,4 49,20 50,17 51,15 52,20 53,20 54,20 55,2 56,14 57,7 58,19 59,18 60,8 61,7 62,15 63,13 64,8 65,5 66,7 67,9 68,11 69,8 70,15 71,8 72,6 73,10 74,8 75,15 76,16 77,2 78,19 79,19 80,1 81,15 82,5 83,12 84,6 85,4 86,13 87,11 88,2 89,11 90,1 91,1 92,9 93,15 94,6 95,16 96,12 97,12 98,16 99,2 
0,10 1,19 2,5 3,10 4,18 5,8 6,17 7,20 8,9 9,7 10,12 11,16 12,9 13,16 14,20 15,11 16,3 17,11 18,17 19,6 20,5 21,15 22,2 23,12 24,3 25,11 26,20 27,19 28,12 29,2 30,2 31,14 32,9 33,15 34,2 35,6 36,13 37,8 38,16 39,8 40,17 41,13 42,11 43,6 44,7 45,2 47,11 48,2 49,9 50,8 51,11 52,9 53,3 54,6 55,10 56,1 57,16 58,2 59,8 60,20 61,13 62,5 63,16 64,17 65,16 66,17 67,7 68,16 69,10 70,16 71,2 72,15 73,3 74,13 75,6 76,11 77,7 78,8 79,12 80,15 81,16 82,3 83,15 84,10 85,20 86,16 87,2 88,16 89,17 90,9 91,7 92,9 93,6 94,2 95,5 96,13 97,11 98,4 99,8 
0,6 1,2 2,19 3,3 4,12 5,3 6,17 7,18 8,1 9,9 10,18 11,20 12,5 13,9 14,16 15,18 16,8 17,7 18,7 19,2 20,2 21,12 22,3 23,11 24,10 25,14 26,14 27,18 28,4 29,4 30,3 31,15 32,12 33,7 34,9 35,17 36,11 37,18 38,15 39,16 40,11 41,17 42,17 43,19 44,19 45,13 46,11 48,20 49,11 50,1 51,14 52,5 53,6 54,11 55,15 56,12 57,18 58,7 59,18 60,5 61,1 62,13 63,14 64,20 65,8 66,16 67,15 68,5 69,16 70,2 71,5 72,1 73,15 74,2 75,13 76,5 77,5 78,12 79,16 80,7 81,5 82,9 83,11 84,10 85,11 86,18 87,1 88,1 89,4 90,18 91,17 92,4 93,2 94,11 95,15 96,10 97,18 98,2 99,6 
0,5 1,1 2,8 3,20 4,15 5,10 6,9 7,12 8,2 9,2 10,18 11,15 12,2 13,16 14,3 15,19 16,5 17,15 18,3 19,9 20,5 21,10 22,10 23,13 24,9 25,13 26,5 27,17 28,18 29,15 30,4 31,17 32,17 33,19 34,17 35,1 36,1 37,5 38,18 39,19 40,4 41,5 42,19 43,13 44,20 45,4 46,2 47,20 49,5 50,15 51,10 52,6 53,9 54,3 55,10 56,6 57,7 58,14 59,1 60,13 61,10 62,2 63,16 64,19 65,4 66,13 67,11 68,4 69,8 70,8 71,1 72,11 73,2 74,3 75,17 76,11 77,12 78,18 79,8 80,16 81,12 82,9 83,13 84,1 85,12 86,15 87,18 88,10 89,8 90,18 91,3 92,9 93,11 94,10 95,7 96,15 97,2 98,17 99,10 
0,10 1,16 2,19 3,8 4,20 5,13 6,15 7,8 8,11 9,7 10,3 11,4 12,6 13,8 14,14 15,15 16,14 17,3 18,2 19,4 20,11 21,13 22,10 23,14 24,15 25,3 26,11 27,19 28,19 29,4 30,18 31,19 32,2 33,11 34,19 35,18 36,15 37,10 38,17 39,10 40,4 41,2 42,10 43,2 44,18 45,20 46,9 47,11 48,5 50,9 51,16 52,2 53,11 54,17 55,4 56,19 57,19 58,7 59,17 60,18 61,3 62,8 63,7 64,15 65,20 66,18 67,9 68,17 69,19 70,8 71,7 72,13 73,16 74,17 75,2 76,14 77,3 78,15 79,10 80,13 81,15 82,18 83,14 84,17 85,14 86,10 87,16 88,5 89,16 90,12 91,2 92,18 93,11 94,20 95,13 96,3 97,9 98,13 99,11 
0,6 1,8 2,12 3,10 4,5 5,6 6,15 7,3 8,11 9,18 10,18 11,18 12,18 13,4 14,17 15,4 16,8 17,9 18,9 19,4 20,9 21,1 22,6 23,15 24,7 25,19 26,11 27,3 28,1 29,15 30,8 31,9 32,1 33,18 34,4 35,19 36,12 37,7 38,2 39,19 40,15 41,11 42,18 43,11 44,16 45,17 46,8 47,1 48,15 49,9 51,8 52,1 53,17 54,20 55,8 56,6 57,2 58,2 59,8 60,16 61,3 62,20 63,11 64,20 65,6 66,7 67,6 68,15 69,14 70,2 71,10 72,5 73,3 74,8 75,16 76,3 77,12 78,18 79,11 80,4 81,8 82,18 83,16 84,17 85,18 86,16 87,2 88,11 89,17 90,1 91,18 92,11 93,13 94,20 95,3 96,18 97,19 98,8 99,12 
0,10 1,12 2,18 3,16 4,2 5,18 6,16 7,18 8,8 9,5 10,14 11,11 12,19 13,14 14,7 15,15 16,5 17,9 18,16 19,3 20,17 21,13 22,16 23,3 24,18 25,13 26,16 27,6 28,5 29,16 30,5 31,7 32,8 33,12 34,9 35,8 36,7 37,6 38,19 39,17 40,16 41,14 42,9 43,2 44,11 45,15 46,11 47,14 48,10 49,16 50,8 52,12 53,9 54,1 55,17 56,3 57,20 58,4 59,5 60,11 61,13 62,8 63,15 64,20 65,17 66,2 67,8 68,6 69,17 70,1 71,16 72,5 73,2 74,14 75,16 76,6 77,13 78,18 79,3 80,3 81,17 82,6 83,15 84,17 85,18 86,3 87,19 88,18 89,6 90,16 91,8 92,18 93,3 94,14 95,9 96,19 97,16 98,17 99,17 
0,14 1,13 2,15 3,1 4,15 5,20 6,17 7,5 8,10 9,6 10,2 11,1 12,13 13,8 14,4 15,16 16,18 17,16 18,19 19,14 20,3 21,13 22,1 23,13 24,8 25,3 26,10 27,18 28,20 29,8 30,11 31,1 32,20 33,12 34,9 35,15 36,9 37,13 38,16 39,4 40,11 41,15 42,18 43,8 44,15 45,20 46,9 47,5 48,6 49,2 50,1 51,12 53,4 54,9 55,12 56,9 57,2 58,17 59,16 60,7 61,2 62,5 63,1 64,4 65,1 66,6 67,18 68,17 69,4 70,20 71,7 72,1 73,17 74,2 75,8 76,6 77,16 78,14 79,15 80,7 81,9 82,3 83,3 84,12 85,11 86,14 87,12 88,5 89,11 90,19 91,11 92,12 93,3 94,12 95,7 96,15 97,9 98,5 99,11 
0,9 1,8 2,19 3,12 4,20 5,15 6,7 7,6 8,10 9,6 10,5 11,3 12,10 13,17 14,20 15,7 16,2 17,16 18,13 19,6 20,3 21,14 22,5 23,16 24,11 25,18 26,1 27,2 28,20 29,20 30,19 31,19 32,18 33,17 34,10 35,12 36,16 37,4 38,12 39,9 40,18 41,20 42,7 43,19 44,11 45,20 46,3 47,6 48,9 49,11 50,17 51,9 52,4 54,12 55,16 56,10 57,4 58,13 59,11 60,4 61,18 62,7 63,17 64,4 65,13 66,17 67,18 68,15 69,20 70,1 71,20 72,12 73,5 74,10 75,10 76,15 77,13 78,5 79,18 80,20 81,19 82,7 83,16 84,2 85,10 86,11 87,11 88,6 89,15 90,1 91,9 92,5 93,7 94,17 95,20 96,11 97,13 98,18 99,17 
0,19 1,15 2,17 3,2 4,10 5,15 6,7 7,11 8,10 9,1 10,15 11,7 12,8 13,20 14,6 15,19 16,6 17,5 18,19 19,7 20,11 21,18 22,8 23,19 24,19 25,11 26,9 27,8 28,10 29,13 30,16 31,10 32,4 33,14 34,5 35,13 36,17 37,16 38,2 39,11 40,4 41,17 42,1 43,9 44,1 45,20 46,6 47,11 48,3 49,17 50,20 51,1 52,9 53,12 55,12 56,18 57,17 58,15 59,2 60,18 61,17 62,8 63,3 64,1 65,6 66,14 67,19 68,4 69,9 70,20 71,13 72,11 73,10 74,10 75,18 76,3 77,18 78,2 79,1 80,6 81,1 82,12 83,18 84,10 85,20 86,2 87,7 88,16 89,8 90,20 91,6 92,4 93,8 94,8 95,16 96,13 97,1 98,15 99,8 
0,9 1,10 2,15 3,5 4,5 5,20 6,6 7,16 8,2 9,15 10,11 11,8 12,12 13,11 14,20 15,13 16,14 17,8 18,14 19,7 20,20 21,16 22,19 23,10 24,17 25,17 26,18 27,15 28,12 29,13 30,6 31,10 32,2 33,2 34,11 35,6 36,15 37,10 38,2 39,2 40,2 41,2 42,15 43,15 44,5 45,2 46,10 47,15 48,10 49,4 50,8 51,17 52,12 53,16 54,12 56,1 57,6 58,12 59,11 60,8 61,2 62,20 63,10 64,11 65,1 66,10 67,17 68,14 69,13 70,6 71,15 72,13 73,7 74,2 75,20 76,7 77,1 78,5 79,10 80,8 81,4 82,6 83,12 84,4 85,12 86,19 87,16 88,9 89,3 90,19 91,16 92,4 93,18 94,17 95,14 96,11 97,7 98,10 99,16 
0,16 1,15 2,20 3,17 4,18 5,1 6,12 7,7 8,4 9,3 10,18 11,16 12,11 13,14 14,9 15,19 16,20 17,6 18,7 19,3 20,19 21,6 22,14 23,9 24,4 25,13 26,8 27,14 28,3 29,5 30,20 31,18 32,7 33,12 34,6 35,2 36,10 37,18 38,12 39,12 40,9 41,7 42,10 43,4 44,14 45,14 46,1 47,12 48,6 49,19 50,6 51,3 52,9 53,10 54,18 55,1 57,19 58,8 59,10 60,3 61,6 62,11 63,3 64,12 65,4 66,7 67,2 68,3 69,11 70,19 71,7 72,6 73,2 74,17 75,2 76,10 77,19 78,12 79,18 80,2 81,9 82,14 83,8 84,19 85,20 86,9 87,14 88,11 89,16 90,16 91,5 92,2 93,18 94,7 95,13 96,1 97,6 98,6 99,16 
0,12 1,9 2,6 3,11 4,10 5,15 6,12 7,13 8,13 9,1 10,6 11,6 12,13 13,10 14,9 15,5 16,14 17,6 18,2 19,7 20,5 21,12 22,2 23,10 24,5 25,9 26,5 27,19 28,7 29,3 30,1 31,14 32,8 33,14 34,14 35,10 36,20 37,16 38,3 39,19 40,15 41,9 42,7 43,17 44,14 45,7 46,16 47,18 48,7 49,19 50,2 51,20 52,2 53,4 54,17 55,6 56,19 58,16 59,4 60,2 61,13 62,5 63,10 64,6 65,7 66,9 67,17 68,4 69,2 70,6 71,17 72,1 73,16 74,9 75,10 76,2 77,11 78,17 79,17 80,15 81,18 82,6 83,2 84,3 85,7 86,7 87,8 88,14 89,14 90,4 91,7 92,18 93,20 94,16 95,4 96,6 97,16 98,12 99,1 
0,9 1,14 2,3 3,8 4,9 5,20 6,10 7,4 8,13 9,13 10,13 11,16 12,8 13,1 14,16 15,10 16,5 17,1 18,17 19,5 20,14 21,18 22,17 23,15 24,7 25,17 26,18 27,19 28,9 29,14 30,6 31,16 32,19 33,12 34,17 35,1 36,3 37,9 38,12 39,11 40,15 41,13 42,4 43,12 44,17 45,19 46,2 47,7 48,14 49,7 50,2 51,4 52,17 53,13 54,15 55,12 56,8 57,16 59,10 60,9 61,18 62,10 63,5 64,18 65,11 66,18 67,8 68,8 69,6 70,14 71,17 72,11 73,15 74,19 75,9 76,13 77,7 78,2 79,18 80,2 81,8 82,8 83,1 84,16 85,11 86,19 87,3 88,14 89,19 90,12 91,3 92,8 93,14 94,19 95,17 96,4 97,16 98,16 99,11 
0,4 1,4 2,13 3,5 4,6 5,2 6,15 7,12 8,1 9,4 10,3 11,2 12,7 13,6 14,13 15,7 16,5 17,10 18,18 19,15 20,18 21,5 22,18 23,8 24,13 25,9 26,16 27,7 28,19 29,14 30,5 31,5 32,17 33,18 34,2 35,18 36,9 37,4 38,12 39,17 40,3 41,8 42,20 43,8 44,17 45,18 46,8 47,18 48,1 49,17 50,8 51,5 52,16 53,11 54,2 55,11 56,10 57,4 58,10 60,13 61,10 62,8 63,3 64,16 65,6 66,12 67,1 68,4 69,5 70,18 71,17 72,5 73,5 74,10 75,20 76,7 77,8 78,2 79,1 80,18 81,6 82,3 83,18 84,19 85,13 86,6 87,2 88,8 89,2 90,5 91,20 92,11 93,12 94,14 95,6 96,9 97,17 98,6 99,5 
0,5 1,13 2,8 3,12 4,1 5,7 6,9 7,19 8,15 9,17 10,11 11,16 12,19 13,13 14,13 15,9 16,3 17,5 18,13 19,17 20,4 21,6 22,17 23,3 24,11 25,4 26,11 27,10 28,11 29,6 30,2 31,5 32,5 33,13 34,13 35,18 36,11 37,7 38,11 39,17 40,4 41,18 42,15 43,5 44,5 45,8 46,20 47,5 48,13 49,18 50,16 51,11 52,7 53,4 54,18 55,8 56,3 57,2 58,9 59,13 61,2 62,16 63,13 64,6 65,12 66,2 67,17 68,11 69,1 70,18 71,11 72,11 73,15 74,5 75,8 76,13 77,17 78,13 79,7 80,16 81,6 82,11 83,7 84,16 85,14 86,20 87,14 88,14 89,17 90,11 91,10 92,18 93,6 94,3 95,15 96,10 97,4 98,11 99,20 
0,9 1,3 2,1 3,5 4,3 5,10 6,10 7,10 8,19 9,6 10,9 11,8 12,16 13,19 14,9 15,3 16,16 17,8 18,3 19,9 20,4 21,7 22,1 23,7 24,18 25,1 26,18 27,14 28,15 29,6 30,19 31,20 32,18 33,1 34,16 35,17 36,3 37,3 38,19 39,3 40,10 41,11 42,19 43,3 44,9 45,7 46,13 47,1 48,10 49,3 50,3 51,13 52,2 53,18 54,17 55,2 56,6 57,13 58,18 59,10 60,2 62,17 63,20 64,10 65,7 66,15 67,6 68,14 69,19 70,14 71,18 72,5 73,9 74,16 75,15 76,15 77,11 78,20 79,14 80,16 81,14 82,2 83,7 84,3 85,19 86,4 87,5 88,5 89,5 90,1 91,15 92,4 93,17 94,15 95,5 96,3 97,1 98,10 99,8 
0,20 1,3 2,5 3,15 4,5 5,11 6,16 7,2 8,3 9,8 10,11 11,7 12,2 13,16 14,8 15,2 16,7 17,14 18,14 19,11 20,13 21,2 22,4 23,1 24,19 25,3 26,8 27,3 28,4 29,15 30,2 31,5 32,1 33,9 34,11 35,4 36,17 37,7 38,14 39,4 40,13 41,15 42,19 43,20 44,6 45,15 46,5 47,13 48,2 49,8 50,20 51,8 52,5 53,7 54,8 55,20 56,11 57,5 58,10 59,8 60,16 61,17 63,19 64,15 65,17 66,4 67,3 68,12 69,10 70,17 71,15 72,10 73,3 74,2 75,3 76,4 77,20 78,17 79,15 80,4 81,14 82,19 83,8 84,14 85,6 86,4 87,2 88,12 89,8 90,16 91,12 92,10 93,3 94,2 95,4 96,11 97,17 98,7 99,15 
0,8 1,13 2,15 3,17 4,4 5,12 6,9 7,4 8,2 9,6 10,3 11,15 12,3 13,12 14,20 15,6 16,13 17,13 18,8 19,17 20,5 21,5 22,16 23,13 24,18 25,17 26,15 27,20 28,1 29,12 30,9 31,4 32,4 33,11 34,2 35,18 36,19 37,15 38,13 39,6 40,2 41,14 42,7 43,11 44,11 45,13 46,16 47,14 48,16 49,7 50,11 51,15 52,1 53,17 54,3 55,10 56,3 57,10 58,5 59,3 60,13 61,20 62,19 64,7 65,15 66,9 67,8 68,9 69,2 70,2 71,5 72,2 73,18 74,19 75,17 76,11 77,9 78,4 79,16 80,14 81,19 82,9 83,5 84,7 85,4 86,8 87,16 88,18 89,10 90,11 91,1 92,6 93,9 94,15 95,4 96,4 97,15 98,11 99,12 
0,4 1,16 2,12 3,13 4,10 5,9 6,6 7,18 8,1 9,12 10,15 11,18 12,3 13,17 14,16 15,11 16,17 17,2 18,18 19,7 20,15 21,13 22,2 23,7 24,17 25,2 26,14 27,9 28,20 29,8 30,7 31,3 32,9 33,5 34,18 35,10 36,3 37,10 38,13 39,8 40,7 41,12 42,13 43,17 44,17 45,8 46,17 47,20 48,19 49,15 50,20 51,20 52,4 53,4 54,1 55,11 56,12 57,6 58,18 59,16 60,6 61,10 62,15 63,7 65,16 66,4 67,8 68,17 69,2 70,6 71,13 72,4 73,15 74,9 75,12 76,20 77,7 78,20 79,5 80,5 81,16 82,4 83,12 84,5 85,5 86,3 87,5 88,3 89,11 90,19 91,6 92,6 93,5 94,9 95,10 96,1 97,12 98,17 99,17 
0,20 1,19 2,16 3,6 4,18 5,6 6,11 7,20 8,1 9,9 10,9 11,13 12,9 13,12 14,19 15,13 16,8 17,19 18,11 19,6 20,6 21,19 22,4 23,10 24,6 25,11 26,10 27,5 28,15 29,13 30,5 31,14 32,7 33,6 34,13 35,9 36,14 37,3 38,5 39,3 40,18 41,19 42,8 43,12 44,18 45,5 46,16 47,8 48,4 49,20 50,6 51,17 52,1 53,13 54,6 55,1 56,4 57,7 58,11 59,6 60,12 61,7 62,17 63,15 64,16 66,5 67,3 68,2 69,1 70,9 71,2 72,12 73,8 74,8 75,3 76,4 77,5 78,10 79,8 80,16 81,15 82,12 83,18 84,19 85,14 86,1 87,10 88,12 89,6 90,14 91,12 92,15 93,6 94,15 95,12 96,15 97,20 98,6 99,16 
0,11 1,1 2,8 3,7 4,13 5,15 6,20 7,10 8,7 9,9 10,11 11,9 12,10 13,1 14,9 15,6 16,10 17,14 18,6 19,19 20,12 21,5 22,13 23,19 24,18 25,17 26,14 27,12 28,5 29,12 30,20 31,11 32,13 33,19 34,9 35,17 36,9 37,4 38,10 39,20 40,17 41,2 42,9 43,4 44,5 45,7 46,17 47,16 48,13 49,18 50,7 51,2 52,6 53,17 54,14 55,10 56,7 57,9 58,18 59,12 60,2 61,15 62,4 63,9 64,4 65,5 67,12 68,14 69,17 70,15 71,13 72,16 73,9 74,17 75,20 76,19 77,16 78,8 79,13 80,19 81,5 82,3 83,13 84,17 85,4 86,16 87,3 88,10 89,7 90,9 91,15 92,1 93,20 94,9 95,12 96,17 97,16 98,15 99,10 
0,20 1,16 2,18 3,12 4,5 5,1 6,6 7,3 8,18 9,4 10,16 11,3 12,10 13,16 14,14 15,9 16,2 17,11 18,11 19,1 20,14 21,19 22,18 23,1 24,14 25,5 26,18 27,17 28,5 29,4 30,6 31,14 32,19 33,13 34,12 35,19 36,2 37,19 38,10 39,10 40,4 41,14 42,14 43,1 44,1 45,9 46,7 47,15 48,11 49,9 50,6 51,8 52,18 53,18 54,19 55,17 56,2 57,17 58,8 59,1 60,17 61,6 62,3 63,8 64,8 65,3 66,12 68,4 69,9 70,15 71,12 72,18 73,3 74,3 75,8 76,18 77,10 78,20 79,16 80,7 81,14 82,20 83,3 84,10 85,15 86,5 87,19 88,13 89,6 90,5 91,14 92,5 93,6 94,17 95,2 96,1 97,12 98,3 99,17 
0,6 1,15 2,19 3,11 4,10 5,11 6,10 7,6 8,12 9,20 10,12 11,10 12,17 13,9 14,5 15,4 16,7 17,2 18,17 19,20 20,3 21,5 22,14 23,17 24,6 25,11 26,16 27,10 28,1 29,3 30,2 31,2 32,5 33,10 34,20 35,8 36,14 37,12 38,7 39,4 40,6 41,14 42,1 43,15 44,20 45,11 46,16 47,5 48,4 49,17 50,15 51,6 52,17 53,15 54,4 55,14 56,3 57,4 58,8 59,4 60,11 61,14 62,12 63,9 64,17 65,2 66,14 67,4 69,12 70,9 71,8 72,9 73,11 74,10 75,16 76,8 77,12 78,7 79,16 80,18 81,13 82,15 83,20 84,2 85,2 86,17 87,12 88,14 89,2 90,16 91,19 92,18 93,1 94,8 95,11 96,14 97,11 98,6 99,10 
0,6 1,8 2,2 3,1 4,9 5,20 6,8 7,18 8,10 9,14 10,14 11,2 12,4 13,14 14,20 15,5 16,3 17,12 18,8 19,14 20,12 21,8 22,11 23,17 24,9 25,1 26,10 27,15 28,20 29,1 30,5 31,13 32,6 33,18 34,13 35,4 36,2 37,6 38,11 39,11 40,11 41,7 42,2 43,2 44,10 45,8 46,10 47,16 48,8 49,19 50,14 51,17 52,4 53,20 54,9 55,13 56,11 57,2 58,6 59,5 60,1 61,19 62,10 63,2 64,2 65,1 66,17 67,9 68,12 70,2 71,14 72,9 73,11 74,5 75,18 76,18 77,4 78,9 79,17 80,19 81,18 82,9 83,6 84,18 85,2 86,7 87,6 88,13 89,12 90,19 91,20 92,3 93,16 94,1 95,10 96,19 97,6 98,20 99,4 
0,4 1,14 2,8 3,2 4,1 5,1 6,14 7,8 8,7 9,14 10,12 11,17 12,12 13,7 14,6 15,17 16,9 17,2 18,13 19,20 20,3 21,8 22,12 23,17 24,8 25,14 26,1 27,6 28,1 29,18 30,19 31,20 32,11 33,20 34,11 35,16 36,6 37,5 38,12 39,10 40,10 41,4 42,14 43,17 44,15 45,15 46,16 47,2 48,8 49,8 50,2 51,1 52,20 53,1 54,20 55,6 56,19 57,6 58,14 59,18 60,18 61,14 62,17 63,2 64,6 65,9 66,15 67,15 68,9 69,2 71,15 72,1 73,17 74,3 75,3 76,13 77,12 78,13 79,17 80,13 81,9 82,7 83,10 84,9 85,12 86,19 87,10 88,10 89,16 90,2 91,14 92,14 93,13 94,16 95,2 96,13 97,17 98,20 99,10 
0,1 1,12 2,15 3,12 4,7 5,15 6,1 7,14 8,5 9,20 10,3 11,13 12,6 13,16 14,11 15,15 16,12 17,2 18,10 19,19 20,12 21,10 22,5 23,2 24,9 25,11 26,20 27,9 28,12 29,15 30,9 31,19 32,4 33,17 34,4 35,13 36,15 37,8 38,14 39,7 40,9 41,20 42,4 43,16 44,10 45,8 46,2 47,5 48,1 49,7 50,10 51,16 52,7 53,20 54,13 55,15 56,7 57,17 58,17 59,17 60,11 61,18 62,15 63,5 64,13 65,2 66,13 67,12 68,8 69,14 70,15 72,8 73,3 74,4 75,20 76,11 77,18 78,15 79,16 80,2 81,7 82,4 83,14 84,7 85,10 86,15 87,15 88,14 89,14 90,4 91,15 92,9 93,17 94,20 95,15 96,9 97,15 98,16 99,14 
0,13 1,14 2,6 3,2 4,7 5,2 6,18 7,17 8,1 9,20 10,20 11,11 12,19 13,10 14,1 15,18 16,14 17,15 18,4 19,18 20,1 21,18 22,17 23,18 24,18 25,13 26,11 27,16 28,19 29,19 30,1 31,20 32,9 33,19 34,9 35,2 36,15 37,2 38,10 39,5 40,7 41,10 42,20 43,1 44,18 45,6 46,15 47,1 48,11 49,13 50,5 51,5 52,1 53,12 54,11 55,13 56,6 57,1 58,11 59,5 60,11 61,5 62,10 63,2 64,4 65,12 66,16 67,18 68,9 69,9 70,1 71,8 73,3 74,15 75,3 76,2 77,9 78,19 79,2 80,11 81,8 82,8 83,6 84,9 85,14 86,1 87,2 88,20 89,3 90,9 91,14 92,16 93,2 94,9 95,2 96,2 97,5 98,2 99,16 
0,12 1,4 2,2 3,6 4,7 5,18 6,8 7,19 8,5 9,6 10,5 11,11 12,17 13,11 14,9 15,10 16,5 17,18 18,12 19,18 20,9 21,20 22,15 23,17 24,20 25,1 26,8 27,20 28,17 29,2 30,9 31,4 32,20 33,6 34,6 35,16 36,14 37,12 38,7 39,15 40,17 41,4 42,6 43,11 44,13 45,10 46,3 47,15 48,2 49,16 50,3 51,2 52,17 53,5 54,10 55,7 56,2 57,16 58,15 59,5 60,15 61,9 62,3 63,18 64,15 65,8 66,9 67,3 68,11 69,11 70,17 71,3 72,3 74,5 75,8 76,11 77,10 78,3 79,17 80,13 81,4 82,17 83,3 84,17 85,8 86,10 87,4 88,5 89,19 90,9 91,6 92,12 93,8 94,8 95,20 96,13 97,15 98,13 99,13 
0,4 1,6 2,1 3,6 4,2 5,2 6,4 7,3 8,18 9,4 10,16 11,3 12,19 13,20 14,5 15,3 16,11 17,6 18,15 19,9 20,20 21,4 22,10 23,18 24,20 25,6 26,12 27,6 28,7 29,1 30,8 31,5 32,20 33,6 34,12 35,5 36,4 37,19 38,4 39,8 40,6 41,15 42,5 43,6 44,20 45,8 46,13 47,2 48,3 49,17 50,8 51,14 52,2 53,10 54,10 55,2 56,17 57,9 58,19 59,10 60,5 61,16 62,2 63,19 64,9 65,8 66,17 67,3 68,10 69,5 70,3 71,4 72,15 73,5 75,8 76,15 77,9 78,9 79,2 80,14 81,9 82,5 83,3 84,11 85,1 86,7 87,6 88,18 89,9 90,3 91,17 92,11 93,18 94,1 95,9 96,7 97,18 98,12 99,6 
0,20 1,9 2,5 3,5 4,15 5,8 6,7 7,6 8,18 9,9 10,20 11,9 12,12 13,5 14,14 15,10 16,15 17,19 18,12 19,14 20,7 21,2 22,15 23,17 24,6 25,4 26,7 27,2 28,15 29,3 30,12 31,11 32,11 33,20 34,3 35,16 36,16 37,13 38,8 39,18 40,19 41,20 42,1 43,20 44,1 45,15 46,6 47,13 48,17 49,2 50,16 51,16 52,8 53,10 54,18 55,20 56,2 57,10 58,9 59,20 60,8 61,15 62,3 63,17 64,12 65,3 66,20 67,8 68,16 69,18 70,3 71,20 72,3 73,8 74,8 76,17 77,12 78,19 79,11 80,4 81,11 82,11 83,10 84,20 85,11 86,12 87,5 88,19 89,16 90,19 91,1 92,8 93,6 94,19 95,5 96,6 97,13 98,1 99,16 
0,5 1,18 2,2 3,14 4,17 5,8 6,14 7,17 8,2 9,12 10,6 11,8 12,9 13,11 14,17 15,5 16,19 17,2 18,13 19,4 20,9 21,16 22,15 23,2 24,10 25,2 26,15 27,8 28,1 29,14 30,4 31,10 32,14 33,5 34,17 35,10 36,3 37,6 38,15 39,3 40,18 41,2 42,10 43,6 44,4 45,16 46,11 47,5 48,11 49,14 50,3 51,6 52,6 53,15 54,3 55,7 56,10 57,2 58,13 59,7 60,13 61,15 62,4 63,11 64,20 65,4 66,19 67,18 68,8 69,18 70,13 71,11 72,2 73,11 74,15 75,17 77,10 78,14 79,16 80,16 81,11 82,8 83,2 84,8 85,19 86,12 87,10 88,14 89,14 90,20 91,4 92,5 93,11 94,7 95,9 96,1 97,2 98,8 99,14 
0,5 1,4 2,6 3,7 4,20 5,1 6,12 7,14 8,18 9,11 10,7 11,18 12,7 13,15 14,16 15,13 16,14 17,9 18,4 19,6 20,16 21,11 22,11 23,1 24,14 25,16 26,11 27,4 28,18 29,2 30,9 31,10 32,8 33,12 34,5 35,2 36,17 37,18 38,11 39,7 40,15 41,19 42,7 43,3 44,6 45,2 46,7 47,5 48,12 49,3 50,12 51,13 52,16 53,13 54,18 55,1 56,19 57,11 58,7 59,8 60,17 61,11 62,20 63,9 64,7 65,5 66,16 67,10 68,12 69,4 70,12 71,18 72,9 73,10 74,9 75,12 76,10 78,1 79,5 80,12 81,18 82,10 83,4 84,10 85,18 86,13 87,3 88,13 89,1 90,6 91,20 92,2 93,5 94,10 95,5 96,14 97,4 98,18 99,6 
0,5 1,10 2,15 3,19 4,18 5,10 6,15 7,3 8,18 9,17 10,9 11,20 12,16 13,6 14,9 15,7 16,3 17,5 18,11 19,8 20,8 21,5 22,17 23,19 24,7 25,9 26,12 27,11 28,18 29,18 30,6 31,5 32,14 33,18 34,3 35,12 36,7 37,11 38,2 39,13 40,9 41,16 42,17 43,11 44,11 45,19 46,8 47,12 48,18 49,15 50,18 51,18 52,14 53,5 54,2 55,5 56,12 57,17 58,2 59,2 60,13 61,20 62,17 63,4 64,20 65,10 66,8 67,20 68,7 69,9 70,13 71,15 72,19 73,3 74,9 75,19 76,14 77,1 79,19 80,3 81,8 82,17 83,3 84,8 85,10 86,2 87,1 88,10 89,6 90,12 91,7 92,8 93,7 94,17 95,5 96,12 97,19 98,9 99,12 
0,2 1,18 2,9 3,13 4,3 5,17 6,2 7,8 8,16 9,6 10,15 11,14 12,11 13,7 14,11 15,3 16,16 17,16 18,7 19,5 20,14 21,5 22,4 23,14 24,18 25,14 26,19 27,4 28,11 29,20 30,7 31,6 32,10 33,4 34,13 35,10 36,4 37,2 38,12 39,1 40,1 41,18 42,8 43,19 44,3 45,19 46,12 47,16 48,8 49,10 50,11 51,3 52,15 53,18 54,1 55,10 56,18 57,17 58,18 59,1 60,7 61,14 62,15 63,16 64,5 65,8 66,13 67,16 68,16 69,17 70,17 71,16 72,2 73,17 74,2 75,11 76,16 77,5 78,19 80,16 81,9 82,13 83,20 84,10 85,9 86,6 87,5 88,6 89,11 90,3 91,8 92,18 93,19 94,11 95,5 96,8 97,4 98,18 99,10 
0,14 1,19 2,4 3,6 4,11 5,14 6,6 7,2 8,9 9,9 10,1 11,13 12,4 13,14 14,1 15,19 16,19 17,11 18,17 19,10 20,18 21,15 22,12 23,6 24,1 25,18 26,13 27,14 28,17 29,18 30,18 31,9 32,1 33,14 34,3 35,20 36,11 37,7 38,7 39,16 40,18 41,13 42,8 43,4 44,15 45,1 46,15 47,7 48,16 49,13 50,4 51,3 52,7 53,20 54,6 55,8 56,2 57,15 58,2 59,18 60,16 61,16 62,4 63,14 64,5 65,16 66,19 67,7 68,18 69,19 70,13 71,2 72,11 73,13 74,14 75,4 76,16 77,12 78,3 79,16 81,10 82,1 83,16 84,9 85,8 86,12 87,13 88,19 89,3 90,13 91,2 92,18 93,13 94,6 95,10 96,3 97,14 98,15 99,7 
0,2 1,17 2,6 3,9 4,2 5,8 6,1 7,17 8,20 9,6 10,18 11,10 12,13 13,9 14,17 15,3 16,2 17,14 18,19 19,11 20,8 21,18 22,15 23,5 24,14 25,8 26,14 27,13 28,18 29,12 30,13 31,5 32,15 33,16 34,7 35,11 36,10 37,9 38,3 39,4 40,4 41,18 42,6 43,1 44,18 45,15 46,16 47,5 48,12 49,15 50,8 51,17 52,9 53,19 54,1 55,4 56,9 57,18 58,8 59,6 60,6 61,14 62,14 63,19 64,16 65,15 66,5 67,14 68,13 69,18 70,9 71,7 72,8 73,4 74,9 75,11 76,11 77,18 78,8 79,9 80,10 82,19 83,5 84,2 85,19 86,14 87,12 88,1 89,10 90,12 91,4 92,7 93,1 94,13 95,20 96,16 97,13 98,19 99,20 
0,11 1,1 2,18 3,20 4,17 5,6 6,9 7,6 8,3 9,2 10,8 11,4 12,9 13,12 14,18 15,9 16,12 17,16 18,15 19,7 20,2 21,17 22,19 23,8 24,8 25,6 26,6 27,9 28,15 29,8 30,3 31,4 32,17 33,7 34,1 35,9 36,10 37,20 38,10 39,9 40,8 41,3 42,16 43,12 44,5 45,5 46,3 47,9 48,9 49,18 50,18 51,6 52,3 53,7 54,12 55,6 56,14 57,6 58,8 59,3 60,11 61,2 62,19 63,9 64,4 65,12 66,3 67,20 68,15 69,9 70,7 71,4 72,8 73,17 74,5 75,11 76,8 77,10 78,17 79,13 80,1 81,19 83,17 84,9 85,14 86,10 87,10 88,3 89,2 90,15 91,12 92,4 93,8 94,6 95,11 96,6 97,2 98,4 99,4 
0,7 1,3 2,10 3,7 4,6 5,5 6,14 7,6 8,18 9,14 10,3 11,6 12,16 13,1 14,5 15,15 16,17 17,19 18,15 19,15 20,20 21,19 22,13 23,18 24,8 25,1 26,14 27,12 28,8 29,5 30,8 31,9 32,20 33,18 34,11 35,6 36,11 37,19 38,15 39,12 40,8 41,7 42,5 43,3 44,2 45,12 46,15 47,11 48,13 49,14 50,16 51,15 52,3 53,16 54,18 55,12 56,8 57,2 58,1 59,18 60,7 61,7 62,8 63,5 64,12 65,18 66,13 67,3 68,20 69,6 70,10 71,14 72,6 73,3 74,3 75,10 76,2 77,4 78,3 79,20 80,16 81,5 82,17 84,7 85,15 86,4 87,17 88,6 89,8 90,15 91,18 92,12 93,14 94,14 95,5 96,4 97,5 98,1 99,12 
0,10 1,16 2,16 3,12 4,14 5,14 6,7 7,2 8,9 9,11 10,15 11,12 12,14 13,18 14,16 15,9 16,16 17,1 18,3 19,16 20,10 21,11 22,11 23,20 24,16 25,5 26,7 27,14 28,9 29,12 30,3 31,3 32,4 33,4 34,8 35,14 36,5 37,4 38,7 39,12 40,1 41,17 42,12 43,12 44,8 45,6 46,10 47,10 48,1 49,17 50,17 51,17 52,12 53,2 54,10 55,4 56,19 57,3 58,16 59,19 60,16 61,3 62,14 63,7 64,5 65,19 66,17 67,10 68,2 69,18 70,9 71,7 72,9 73,17 74,11 75,20 76,8 77,10 78,8 79,10 80,9 81,2 82,9 83,7 85,18 86,2 87,1 88,20 89,4 90,15 91,4 92,7 93,14 94,1 95,9 96,20 97,3 98,4 99,15 
0,10 1,15 2,14 3,14 4,6 5,1 6,15 7,8 8,12 9,2 10,2 11,2 12,8 13,3 14,15 15,19 16,18 17,20 18,13 19,5 20,4 21,6 22,19 23,18 24,6 25,8 26,7 27,16 28,4 29,20 30,18 31,14 32,12 33,12 34,6 35,13 36,18 37,15 38,12 39,20 40,12 41,11 42,9 43,1 44,6 45,4 46,20 47,11 48,12 49,14 50,18 51,18 52,11 53,10 54,20 55,12 56,20 57,7 58,11 59,13 60,14 61,19 62,6 63,4 64,5 65,14 66,4 67,15 68,2 69,2 70,12 71,10 72,14 73,8 74,1 75,11 76,19 77,18 78,10 79,9 80,8 81,19 82,14 83,15 84,18 86,9 87,19 88,19 89,17 90,16 91,18 92,12 93,14 94,1 95,17 96,19 97,17 98,13 99,3 
0,7 1,4 2,5 3,3 4,10 5,16 6,11 7,13 8,11 9,20 10,13 11,13 12,7 13,11 14,4 15,19 16,2 17,18 18,9 19,14 20,11 21,14 22,11 23,19 24,17 25,9 26,3 27,18 28,19 29,9 30,6 31,10 32,13 33,19 34,14 35,11 36,18 37,20 38,16 39,13 40,10 41,8 42,20 43,10 44,6 45,13 46,16 47,18 48,15 49,10 50,16 51,3 52,14 53,11 54,2 55,19 56,9 57,7 58,19 59,6 60,20 61,4 62,4 63,8 64,3 65,1 66,16 67,5 68,17 69,7 70,19 71,15 72,1 73,10 74,7 75,12 76,12 77,13 78,2 79,6 80,12 81,14 82,10 83,4 84,2 85,9 87,10 88,4 89,12 90,11 91,5 92,11 93,14 94,11 95,6 96,13 97,5 98,7 99,13 
0,6 1,10 2,8 3,9 4,3 5,14 6,10 7,20 8,4 9,14 10,12 11,19 12,4 13,3 14,16 15,7 16,15 17,18 18,1 19,11 20,20 21,16 22,4 23,1 24,11 25,9 26,14 27,19 28,3 29,16 30,15 31,12 32,2 33,7 34,5 35,7 36,15 37,1 38,10 39,3 40,10 41,16 42,1 43,15 44,2 45,11 46,2 47,1 48,18 49,16 50,2 51,19 52,12 53,11 54,7 55,16 56,14 57,8 58,3 59,2 60,14 61,5 62,2 63,16 64,5 65,10 66,3 67,19 68,12 69,6 70,10 71,15 72,2 73,4 74,6 75,5 76,10 77,3 78,1 79,5 80,13 81,12 82,10 83,17 84,1 85,19 86,10 88,16 89,9 90,17 91,10 92,9 93,15 94,20 95,18 96,2 97,9 98,1 99,15 
0,13 1,3 2,19 3,4 4,15 5,15 6,6 7,20 8,16 9,3 10,8 11,7 12,20 13,4 14,3 15,4 16,11 17,5 18,6 19,12 20,8 21,9 22,20 23,20 24,2 25,16 26,11 27,6 28,3 29,14 30,11 31,7 32,19 33,5 34,11 35,3 36,9 37,10 38,6 39,10 40,6 41,20 42,15 43,9 44,11 45,2 46,16 47,1 48,10 49,5 50,11 51,18 52,5 53,6 54,16 55,9 56,11 57,14 58,14 59,8 60,14 61,5 62,12 63,18 64,3 65,12 66,10 67,13 68,14 69,13 70,10 71,14 72,20 73,5 74,18 75,19 76,14 77,13 78,10 79,6 80,19 81,1 82,3 83,6 84,20 85,19 86,4 87,16 89,2 90,9 91,13 92,18 93,1 94,7 95,19 96,5 97,18 98,10 99,1 
0,15 1,17 2,19 3,3 4,19 5,15 6,13 7,16 8,3 9,5 10,17 11,8 12,14 13,12 14,11 15,20 16,18 17,18 18,17 19,18 20,5 21,11 22,19 23,6 24,15 25,5 26,20 27,8 28,20 29,2 30,11 31,18 32,11 33,3 34,10 35,3 36,20 37,9 38,19 39,4 40,16 41,1 42,15 43,1 44,2 45,11 46,17 47,4 48,8 49,16 50,17 51,6 52,11 53,15 54,8 55,3 56,16 57,14 58,19 59,2 60,17 61,5 62,8 63,10 64,11 65,6 66,7 67,6 68,2 69,12 70,16 71,14 72,3 73,19 74,9 75,16 76,14 77,1 78,6 79,11 80,3 81,10 82,2 83,8 84,4 85,17 86,12 87,9 88,2 90,1 91,15 92,3 93,6 94,7 95,19 96,4 97,12 98,14 99,4 
0,1 1,14 2,20 3,13 4,8 5,15 6,5 7,3 8,4 9,17 10,6 11,12 12,11 13,20 14,9 15,5 16,11 17,8 18,19 19,5 20,17 21,12 22,13 23,20 24,4 25,17 26,1 27,6 28,2 29,2 30,19 31,16 32,19 33,4 34,6 35,17 36,15 37,17 38,1 39,11 40,4 41,15 42,13 43,14 44,10 45,1 46,9 47,18 48,18 49,12 50,1 51,16 52,19 53,1 54,20 55,19 56,16 57,4 58,12 59,5 60,11 61,1 62,16 63,11 64,19 65,14 66,9 67,5 68,16 69,19 70,2 71,4 72,9 73,9 74,3 75,19 76,20 77,6 78,12 79,3 80,13 81,12 82,15 83,15 84,15 85,16 86,11 87,17 88,9 89,1 91,8 92,16 93,13 94,14 95,7 96,2 97,15 98,16 99,2 
0,17 1,15 2,19 3,15 4,15 5,1 6,6 7,18 8,2 9,11 10,10 11,3 12,10 13,17 14,16 15,12 16,13 17,2 18,19 19,8 20,3 21,6 22,16 23,2 24,12 25,12 26,14 27,15 28,13 29,11 30,12 31,3 32,4 33,10 34,4 35,20 36,19 37,16 38,16 39,18 40,2 41,9 42,1 43,13 44,15 45,1 46,7 47,17 48,3 49,2 50,18 51,8 52,11 53,9 54,6 55,16 56,5 57,7 58,3 59,20 60,10 61,15 62,12 63,1 64,6 65,12 66,15 67,14 68,19 69,20 70,14 71,15 72,14 73,6 74,17 75,1 76,4 77,20 78,7 79,8 80,2 81,4 82,12 83,18 84,4 85,18 86,5 87,10 88,13 89,15 90,8 92,2 93,17 94,10 95,6 96,6 97,11 98,13 99,5 
0,16 1,19 2,20 3,7 4,13 5,5 6,14 7,6 8,14 9,10 10,5 11,8 12,1 13,10 14,19 15,14 16,13 17,18 18,19 19,18 20,20 21,17 22,12 23,12 24,13 25,18 26,18 27,1 28,14 29,19 30,9 31,17 32,20 33,15 34,5 35,20 36,2 37,3 38,10 39,18 40,5 41,11 42,13 43,3 44,10 45,9 46,9 47,4 48,9 49,18 50,11 51,18 52,12 53,5 54,4 55,4 56,2 57,18 58,8 59,11 60,18 61,4 62,10 63,6 64,6 65,15 66,1 67,5 68,18 69,3 70,14 71,9 72,16 73,12 74,11 75,8 76,5 77,2 78,8 79,18 80,18 81,7 82,4 83,12 84,7 85,12 86,11 87,9 88,18 89,3 90,16 91,2 93,15 94,2 95,6 96,7 97,14 98,20 99,9 
0,12 1,8 2,16 3,20 4,12 5,18 6,20 7,5 8,6 9,16 10,17 11,10 12,12 13,7 14,8 15,7 16,18 17,13 18,4 19,8 20,1 21,6 22,8 23,13 24,14 25,12 26,8 27,8 28,5 29,16 30,20 31,13 32,11 33,5 34,16 35,20 36,4 37,3 38,6 39,14 40,9 41,10 42,11 43,14 44,7 45,15 46,6 47,2 48,11 49,11 50,13 51,3 52,3 53,7 54,8 55,18 56,18 57,20 58,14 59,12 60,6 61,17 62,3 63,9 64,5 65,6 66,20 67,6 68,1 69,16 70,13 71,17 72,2 73,8 74,18 75,6 76,11 77,5 78,7 79,19 80,13 81,1 82,8 83,14 84,14 85,14 86,14 87,15 88,1 89,6 90,13 91,17 92,15 94,12 95,19 96,8 97,15 98,10 99,13 
0,16 1,20 2,5 3,11 4,10 5,4 6,15 7,13 8,15 9,16 10,12 11,9 12,13 13,8 14,7 15,9 16,6 17,14 18,18 19,17 20,7 21,10 22,3 23,6 24,9 25,20 26,8 27,14 28,5 29,2 30,12 31,6 32,7 33,20 34,5 35,17 36,9 37,3 38,20 39,4 40,3 41,2 42,19 43,15 44,5 45,6 46,2 47,11 48,10 49,20 50,20 51,14 52,12 53,17 54,8 55,17 56,7 57,16 58,19 59,14 60,3 61,15 62,2 63,15 64,9 65,15 66,9 67,17 68,8 69,1 70,16 71,20 72,9 73,8 74,1 75,19 76,7 77,10 78,17 79,11 80,6 81,13 82,6 83,14 84,1 85,1 86,11 87,20 88,7 89,7 90,14 91,10 92,2 93,12 95,19 96,9 97,8 98,3 99,2 
0,11 1,6 2,3 3,12 4,2 5,5 6,20 7,15 8,14 9,14 10,11 11,17 12,4 13,18 14,6 15,16 16,2 17,11 18,17 19,16 20,6 21,9 22,13 23,18 24,9 25,11 26,3 27,1 28,6 29,6 30,7 31,19 32,8 33,19 34,15 35,9 36,16 37,12 38,2 39,6 40,3 41,14 42,17 43,19 44,18 45,16 46,5 47,15 48,7 49,13 50,3 51,9 52,7 53,20 54,16 55,14 56,13 57,4 58,17 59,6 60,15 61,5 62,4 63,4 64,10 65,12 66,12 67,2 68,11 69,10 70,2 71,15 72,2 73,20 74,9 75,5 76,9 77,5 78,5 79,5 80,10 81,20 82,11 83,5 84,9 85,17 86,6 87,18 88,19 89,19 90,7 91,6 92,6 93,19 94,19 96,7 97,4 98,8 99,2 
0,11 1,19 2,11 3,5 4,1 5,3 6,10 7,16 8,18 9,4 10,17 11,2 12,12 13,19 14,18 15,11 16,5 17,12 18,14 19,13 20,6 21,4 22,11 23,2 24,19 25,14 26,17 27,4 28,11 29,8 30,16 31,6 32,17 33,10 34,1 35,1 36,17 37,18 38,2 39,8 40,6 41,20 42,10 43,17 44,4 45,12 46,13 47,10 48,15 49,3 50,18 51,19 52,15 53,11 54,13 55,11 56,1 57,6 58,4 59,9 60,10 61,3 62,11 63,4 64,1 65,15 66,17 67,1 68,14 69,19 70,13 71,9 72,2 73,13 74,7 75,6 76,1 77,14 78,12 79,8 80,3 81,16 82,6 83,4 84,20 85,19 86,13 87,2 88,5 89,4 90,2 91,6 92,7 93,8 94,9 95,7 97,17 98,1 99,10 
0,6 1,20 2,13 3,9 4,2 5,19 6,14 7,14 8,2 9,4 10,14 11,17 12,2 13,9 14,7 15,7 16,7 17,19 18,3 19,7 20,10 21,6 22,7 23,5 24,18 25,16 26,13 27,18 28,10 29,13 30,12 31,8 32,20 33,18 34,13 35,5 36,17 37,18 38,2 39,15 40,19 41,3 42,7 43,18 44,1 45,12 46,11 47,18 48,2 49,9 50,19 51,16 52,9 53,13 54,1 55,7 56,6 57,16 58,16 59,17 60,4 61,1 62,17 63,15 64,12 65,20 66,16 67,12 68,11 69,6 70,17 71,15 72,5 73,15 74,18 75,13 76,2 77,4 78,19 79,4 80,14 81,13 82,2 83,5 84,3 85,17 86,5 87,9 88,18 89,12 90,15 91,11 92,14 93,15 94,8 95,4 96,17 98,6 99,7 
0,2 1,13 2,12 3,15 4,18 5,17 6,17 7,18 8,12 9,17 10,6 11,11 12,13 13,13 14,19 15,4 16,3 17,1 18,7 19,16 20,12 21,20 22,2 23,10 24,14 25,15 26,12 27,18 28,10 29,10 30,13 31,4 32,6 33,11 34,6 35,19 36,10 37,11 38,12 39,7 40,7 41,7 42,3 43,19 44,18 45,16 46,4 47,2 48,17 49,13 50,8 51,17 52,5 53,18 54,15 55,10 56,6 57,12 58,16 59,6 60,11 61,10 62,7 63,11 64,17 65,6 66,15 67,3 68,6 69,20 70,20 71,16 72,2 73,13 74,12 75,1 76,8 77,18 78,9 79,18 80,15 81,19 82,4 83,1 84,4 85,13 86,7 87,1 88,10 89,14 90,16 91,13 92,20 93,10 94,3 95,8 96,1 97,6 99,7 
0,16 1,13 2,1 3,15 4,10 5,5 6,11 7,13 8,9 9,4 10,1 11,12 12,8 13,7 14,3 15,7 16,3 17,5 18,2 19,12 20,9 21,8 22,4 23,18 24,16 25,5 26,5 27,5 28,11 29,2 30,9 31,20 32,13 33,11 34,20 35,8 36,10 37,9 38,9 39,12 40,11 41,13 42,11 43,3 44,15 45,2 46,8 47,6 48,10 49,11 50,12 51,17 52,11 53,17 54,8 55,16 56,16 57,1 58,11 59,5 60,20 61,8 62,15 63,12 64,17 65,16 66,10 67,17 68,10 69,4 70,10 71,14 72,16 73,13 74,6 75,16 76,14 77,6 78,12 79,10 80,7 81,20 82,4 83,12 84,15 85,3 86,13 87,15 88,1 89,4 90,2 91,5 92,9 93,13 94,2 95,2 96,10 97,7 98,7 
