100
3,5 4,11 9,20 12,13 25,7 26,3 34,18 36,1 40,7 52,14 80,17 92,12 
7,14 20,13 45,10 85,8 86,19 96,6 
26,5 31,12 34,4 37,13 51,14 76,15 
0,5 12,4 24,1 52,7 57,15 71,13 76,1 87,9 99,18 
0,11 16,7 18,6 23,17 34,4 44,9 46,19 62,4 80,19 99,17 
8,16 14,20 31,3 49,17 51,11 66,3 84,14 91,1 
41,1 53,3 73,10 
1,14 56,15 81,17 86,16 97,7 
5,16 38,9 43,17 78,9 83,14 99,4 
0,20 10,16 26,12 38,2 66,10 68,7 82,10 89,17 
9,16 13,16 15,19 17,17 27,1 46,2 59,4 64,18 71,13 78,19 97,4 
18,20 23,8 30,16 54,8 55,14 57,11 65,4 86,13 87,1 98,17 99,1 
0,13 3,4 23,17 24,7 29,2 35,3 44,1 51,17 54,11 56,10 76,7 81,4 83,7 
10,16 23,4 26,16 34,15 36,8 40,8 41,4 42,2 44,20 
5,20 47,16 57,8 60,18 66,1 
10,19 18,18 34,14 41,19 50,6 57,19 73,16 
4,7 25,11 33,17 45,14 52,1 57,19 63,18 69,19 86,19 
10,17 19,15 23,10 31,11 39,3 61,6 68,16 93,11 98,1 
4,6 11,20 15,18 21,7 32,19 78,4 86,12 
17,15 22,14 30,9 36,6 38,15 50,13 54,3 58,8 65,4 72,1 
1,13 22,17 33,12 38,18 42,6 88,17 90,20 98,18 
18,7 29,7 49,17 68,13 73,8 76,10 77,5 
19,14 20,17 24,11 30,12 48,15 64,10 82,13 
4,17 11,8 12,17 13,4 17,10 25,14 45,4 62,8 
3,1 12,7 22,11 28,13 69,7 77,15 94,8 96,17 
0,7 16,11 23,14 39,10 40,10 54,9 
0,3 2,5 9,12 13,16 32,5 45,20 53,18 58,20 66,2 75,15 80,9 85,18 
10,1 41,6 44,9 69,10 
24,13 37,12 
12,2 21,7 40,16 43,16 60,11 96,4 
11,16 19,9 22,12 41,2 44,14 54,10 61,19 63,6 71,12 
2,12 5,3 17,11 40,14 52,5 71,1 82,20 
18,19 26,5 34,8 40,20 63,17 69,18 73,3 79,9 
16,17 20,12 46,12 
0,18 2,4 4,4 13,15 15,14 32,8 40,13 72,17 79,5 
12,3 36,2 39,16 48,18 63,16 73,15 
0,1 13,8 19,6 35,2 54,18 64,10 67,13 76,1 
2,13 28,12 39,16 59,20 91,1 
8,9 9,2 19,15 20,18 50,2 53,16 73,2 80,20 81,6 88,16 92,19 95,15 98,4 
17,3 25,10 35,16 37,16 43,3 50,6 67,14 77,8 85,7 
0,7 13,8 25,10 29,16 31,14 32,20 34,13 77,2 93,9 
6,1 13,4 15,19 27,6 30,2 59,1 64,10 97,4 
13,2 20,6 56,15 83,2 
8,17 29,16 39,3 44,1 52,15 55,20 61,11 63,3 66,19 68,18 90,15 
4,9 12,1 13,20 27,9 30,14 43,1 47,15 61,2 69,12 90,8 
1,10 16,14 23,4 26,20 48,7 90,3 92,12 97,4 
4,19 10,2 33,12 47,14 51,16 52,4 64,2 72,2 82,12 
14,16 44,15 46,14 58,8 68,20 79,14 
22,15 35,18 45,7 69,5 70,12 72,17 80,13 82,14 91,12 99,17 
5,17 21,17 50,19 63,20 69,18 76,9 77,2 
15,6 19,13 38,2 39,6 49,19 57,19 65,12 70,12 81,18 93,2 95,2 
2,14 5,11 12,17 46,16 63,4 93,11 
0,14 3,7 16,1 31,5 43,15 46,4 75,8 
6,3 26,18 38,16 59,4 
11,8 12,11 19,3 25,9 30,10 36,18 88,11 94,18 
11,14 43,20 61,13 63,10 76,18 
7,15 12,10 42,15 68,5 74,9 77,6 81,4 86,20 99,9 
3,15 11,11 14,8 15,19 16,19 50,19 74,6 80,14 98,10 99,9 
19,8 26,20 47,8 74,16 
10,4 37,20 41,1 53,4 62,18 89,15 95,4 96,8 
14,18 29,11 61,18 93,11 
17,6 30,19 43,11 44,2 55,13 60,18 64,6 90,15 91,8 
4,4 23,8 59,18 66,2 90,5 98,3 
16,18 30,6 32,17 35,16 43,3 49,20 51,4 55,10 78,20 86,8 
10,18 22,10 36,10 41,10 46,2 61,6 89,2 95,10 
11,4 19,4 50,12 72,17 77,6 93,18 97,11 98,9 
5,3 9,10 14,1 26,2 43,19 62,2 88,17 93,4 
36,13 39,14 
9,7 17,16 21,13 43,18 47,20 56,5 87,18 93,9 
16,19 24,7 27,10 32,18 44,12 48,5 49,18 70,15 71,12 90,16 
48,12 50,12 69,15 
3,13 10,13 30,12 31,1 69,12 88,13 
19,1 34,17 46,2 48,17 65,17 94,11 
6,10 15,16 21,8 32,3 35,15 38,2 86,8 95,8 99,16 
56,9 57,6 58,16 90,6 
26,15 52,8 78,14 88,4 
2,15 3,1 12,7 21,10 36,1 49,9 55,18 85,10 87,4 89,13 
21,5 24,15 39,8 40,2 49,2 56,6 65,6 
8,9 10,19 18,4 63,20 75,14 81,12 86,2 88,12 
32,9 34,5 47,14 92,2 
0,17 4,19 26,9 38,20 48,13 57,14 
7,17 12,4 38,6 50,18 56,4 78,12 91,15 
9,10 22,13 31,20 46,12 48,14 99,1 
8,14 12,7 42,2 94,18 
5,14 
1,8 26,18 39,7 76,10 
1,19 7,16 11,13 16,19 18,12 56,20 63,8 73,8 78,2 
3,9 11,1 68,18 76,4 
20,17 38,16 54,11 66,17 71,13 75,4 78,12 96,9 
9,17 59,15 64,2 76,13 96,5 
20,20 43,15 44,8 45,3 61,15 62,5 69,16 74,6 
5,1 37,1 48,12 61,8 81,15 
0,12 38,19 45,12 79,2 93,6 98,7 
17,11 40,9 50,2 51,11 60,11 65,18 66,4 68,9 92,6 94,19 
24,8 54,18 72,11 83,18 93,19 
38,15 50,2 59,4 64,10 73,8 
1,6 24,17 29,4 59,8 88,9 89,5 
7,7 10,4 41,4 45,4 65,11 
11,17 17,1 20,18 38,4 57,10 62,3 65,9 92,7 
3,18 4,17 8,4 11,1 48,17 56,9 57,9 73,16 82,1 
