250
26,18 29,8 32,16 49,19 79,8 102,17 130,9 145,7 173,14 174,16 193,13 243,3 
9,10 11,18 19,4 21,12 23,12 29,20 44,14 47,16 53,20 59,1 60,15 75,4 78,20 83,14 88,12 89,5 97,7 99,7 106,17 111,16 120,5 123,9 124,3 128,20 134,14 158,2 161,6 165,4 168,12 181,9 193,7 196,2 198,14 222,11 
13,10 24,17 32,9 40,11 53,1 59,7 60,6 62,16 83,20 95,9 107,8 113,1 127,1 159,3 166,11 173,6 176,17 184,13 185,7 205,15 212,2 213,14 216,7 223,15 246,7 
22,14 31,12 32,20 41,6 50,10 71,8 93,10 107,12 137,16 144,13 145,7 146,1 151,16 166,3 181,14 185,6 199,17 214,18 216,7 243,3 247,16 
5,7 6,17 40,11 41,20 42,18 52,4 53,7 68,2 81,17 89,16 90,12 96,13 112,19 116,5 123,20 139,16 145,14 154,15 157,11 162,7 177,2 188,14 189,6 209,7 232,4 237,3 
4,7 10,8 11,17 12,4 22,10 30,5 49,6 61,10 64,1 67,4 69,6 74,19 77,14 104,19 109,20 120,6 124,20 158,8 177,8 189,17 202,14 207,8 220,12 226,4 243,12 244,1 245,7 248,15 
4,17 48,2 49,11 67,15 71,2 75,18 79,20 94,8 97,10 115,16 127,5 153,7 161,6 162,6 176,18 186,11 198,14 201,13 210,17 212,16 225,8 227,13 238,1 239,7 244,20 
11,17 30,17 53,11 100,14 113,2 126,12 139,11 170,19 201,4 205,1 230,17 
25,1 36,7 37,18 56,4 65,10 67,13 72,7 80,4 84,19 90,18 98,9 105,7 109,19 153,8 161,9 162,15 164,17 165,16 166,15 169,3 170,17 194,14 201,5 207,20 224,17 233,5 
1,10 13,6 27,10 32,6 34,13 55,15 72,10 82,5 86,13 87,9 94,19 99,16 103,6 105,2 116,2 119,7 127,6 132,18 140,19 143,18 146,1 153,4 158,13 162,17 165,11 166,15 181,2 189,6 212,10 230,18 238,14 243,2 
5,8 28,14 70,7 85,2 94,8 97,14 104,13 107,15 154,16 159,10 173,3 201,19 
1,18 5,17 7,17 44,5 104,17 110,8 138,3 140,11 172,13 232,17 234,15 246,17 
5,4 43,10 45,5 47,20 50,9 82,17 113,1 124,18 145,19 163,18 166,4 176,1 181,12 
2,10 9,6 21,6 25,7 30,13 46,20 51,9 90,16 92,15 116,9 122,5 139,16 167,13 176,7 213,6 219,9 234,8 
20,1 25,6 27,16 31,20 51,8 54,14 68,13 92,16 97,11 98,7 119,4 133,18 149,8 153,19 162,4 173,16 179,17 195,10 201,16 213,18 229,5 238,17 239,10 248,12 
51,1 52,15 63,9 64,15 70,2 72,11 81,4 85,8 112,17 113,17 114,9 124,5 126,3 154,15 160,5 165,6 168,13 182,18 191,5 205,20 207,16 209,16 212,20 215,19 217,3 238,14 247,5 
17,8 24,18 43,7 47,15 50,13 65,5 82,7 86,9 94,4 97,5 112,18 122,7 124,8 134,13 136,16 150,8 172,2 180,10 187,9 188,17 191,14 203,4 
16,8 40,2 53,4 54,14 55,19 67,10 92,11 103,16 114,12 117,15 143,3 160,1 179,13 182,18 246,14 
24,17 58,20 79,2 86,4 96,16 103,20 116,12 117,10 133,19 137,13 167,19 181,14 207,12 226,8 243,10 
1,4 30,10 40,14 43,14 55,11 97,8 116,18 149,4 176,13 189,19 203,10 208,4 237,5 
14,1 23,12 55,9 56,17 58,1 102,18 105,1 113,14 127,2 136,7 167,15 170,4 181,14 188,3 193,14 197,20 201,11 209,13 218,7 220,13 233,19 238,3 
1,12 13,6 24,1 37,2 39,10 66,14 68,8 69,15 84,13 92,18 106,7 111,6 113,5 115,16 129,4 147,12 152,13 159,3 162,10 176,10 184,16 204,6 213,15 214,6 221,14 231,2 
3,14 5,10 24,7 30,2 45,15 62,17 87,20 96,9 105,18 110,10 175,9 195,18 212,10 244,9 
1,12 20,12 26,9 31,20 33,4 37,15 39,10 55,10 58,6 64,11 67,19 70,18 75,20 76,4 93,13 100,1 122,2 129,7 140,1 146,7 149,4 176,19 178,8 181,20 187,11 234,15 244,17 
2,17 16,18 18,17 21,1 22,7 57,4 67,8 69,15 115,4 116,8 123,18 136,9 147,20 155,11 160,5 165,15 184,8 192,12 211,12 215,8 240,3 
8,1 13,7 14,6 29,7 36,5 71,17 100,20 102,12 125,14 127,4 128,10 137,9 143,20 156,18 162,11 175,17 181,3 187,12 198,3 
0,18 23,9 31,4 44,6 50,14 83,18 109,7 122,7 127,10 141,18 177,4 187,9 201,20 222,9 224,14 225,3 226,12 244,8 
9,10 14,16 30,7 34,17 37,15 87,8 95,9 96,5 102,6 108,13 117,2 119,15 133,19 151,14 165,14 177,11 198,18 213,7 214,4 222,18 248,2 
10,14 33,3 36,18 41,5 54,1 66,5 73,18 76,7 113,16 120,1 140,16 188,3 208,5 238,12 
0,8 1,20 25,7 32,7 55,11 57,16 58,10 66,17 70,14 84,2 86,14 89,13 99,9 101,20 106,6 110,2 142,3 154,4 161,12 187,17 221,19 227,11 
5,5 7,17 13,13 19,10 22,2 27,7 48,2 53,19 62,5 144,7 151,19 186,19 200,11 203,10 215,13 216,11 
3,12 14,20 23,20 26,4 54,12 56,14 59,18 65,2 119,2 177,7 189,19 
0,16 2,9 3,20 9,6 29,7 33,10 50,17 51,10 57,4 93,17 99,15 130,14 136,17 173,19 189,13 191,8 220,1 235,3 238,18 
23,4 28,3 32,10 43,9 55,17 64,1 86,4 90,15 104,1 105,4 106,5 118,7 128,16 134,4 146,14 152,18 212,17 234,4 
9,13 27,17 49,1 52,3 64,16 164,20 177,14 188,2 202,7 208,4 214,19 215,20 
36,3 41,20 45,14 51,11 61,3 65,17 95,15 100,12 104,10 106,13 116,7 119,2 127,14 135,9 136,7 139,15 140,12 153,4 208,20 220,9 224,8 246,13 247,14 
8,7 25,5 28,18 35,3 68,20 74,10 79,19 94,19 96,3 102,12 105,10 121,4 122,4 124,1 125,11 126,11 142,15 158,15 204,1 212,20 214,7 232,10 247,19 
8,18 21,2 23,15 27,15 55,14 62,20 79,13 86,5 88,3 93,18 117,17 121,20 143,1 145,19 160,7 212,17 231,16 243,18 
54,16 60,3 63,7 64,12 82,7 84,4 95,17 96,16 108,15 109,4 115,20 116,11 123,2 134,7 138,6 146,6 151,14 153,14 159,1 166,16 167,14 174,9 175,20 183,15 192,14 210,3 211,16 212,7 224,11 237,10 
21,10 23,10 46,14 96,20 99,12 139,7 143,8 156,15 198,7 245,1 
2,11 4,11 17,2 19,14 41,5 44,5 47,12 52,11 53,11 73,19 75,16 77,15 86,17 89,15 105,15 121,12 132,17 166,18 178,17 191,13 201,16 208,14 212,7 214,15 220,4 238,18 239,11 
3,6 4,20 28,5 35,20 40,5 55,10 56,3 68,19 96,6 98,17 106,19 108,1 116,14 123,6 125,18 130,6 131,19 134,16 146,3 153,18 159,13 163,19 172,1 204,3 212,7 222,10 225,2 226,11 240,16 242,6 
4,18 43,8 56,18 68,12 69,13 83,20 129,16 144,3 166,7 173,2 178,3 179,20 225,15 
12,10 16,7 19,14 33,9 42,8 48,10 49,4 55,14 70,6 71,13 83,2 86,4 96,3 103,5 137,12 140,19 147,3 148,17 158,20 160,20 187,12 200,9 206,14 216,15 233,1 235,2 236,15 248,1 
1,14 11,5 26,6 40,5 58,12 66,14 124,13 155,13 166,3 188,16 202,10 
12,5 22,15 35,14 56,9 59,19 60,4 72,17 73,13 78,2 88,17 90,11 99,9 114,7 117,11 132,6 145,12 147,12 148,16 162,16 174,20 182,8 185,9 187,12 194,20 198,5 202,15 210,18 212,1 217,14 227,1 231,6 235,15 242,13 247,1 
13,20 39,14 52,15 68,8 99,1 101,19 121,20 151,7 167,16 171,14 180,2 220,20 
1,16 12,20 16,15 40,12 55,15 62,16 71,6 74,1 88,12 90,14 96,11 115,3 120,18 127,2 139,19 154,10 158,18 172,17 193,7 197,4 202,15 209,15 216,14 232,11 234,5 237,6 
6,2 30,2 43,10 50,18 58,9 64,9 71,8 73,5 78,15 81,10 92,6 103,9 124,16 128,16 145,12 157,10 166,9 167,10 197,11 199,18 214,11 219,3 225,11 234,3 244,15 
0,19 5,6 6,11 34,1 43,4 59,7 73,16 74,4 90,1 111,8 115,9 119,8 166,3 168,8 170,14 173,16 175,7 183,3 188,11 220,20 221,14 222,7 
3,10 12,9 16,13 26,14 32,17 48,18 55,15 57,1 61,10 73,15 101,16 113,6 133,6 156,16 165,5 167,19 172,18 179,16 194,9 198,17 227,12 239,15 
13,9 14,8 15,1 32,10 35,11 54,13 64,10 69,12 80,2 82,18 85,16 87,11 109,15 122,10 135,13 137,8 153,7 195,9 244,5 
4,4 15,15 34,3 40,11 46,15 57,19 75,8 83,9 95,17 97,9 108,18 110,19 137,20 144,2 148,2 156,1 158,12 164,3 210,10 226,9 233,12 235,1 247,2 
1,20 2,1 4,7 7,11 17,4 30,19 40,11 59,9 90,5 107,1 116,12 117,10 172,7 175,19 196,3 220,18 230,7 235,1 
14,14 17,14 28,1 31,12 38,16 51,13 60,2 61,19 70,16 74,19 77,2 91,2 92,13 93,6 96,1 97,14 120,7 123,15 134,2 135,4 150,20 168,5 170,4 178,3 184,1 191,5 195,7 215,13 217,12 221,16 223,2 228,8 235,3 
9,15 17,19 19,11 20,9 23,10 29,11 33,17 37,14 41,10 43,14 47,15 50,15 60,3 93,4 101,5 125,3 151,4 153,8 180,4 196,14 205,10 208,16 219,2 231,18 232,20 235,11 239,3 245,14 
8,4 20,17 31,14 41,3 42,18 45,9 107,15 113,9 118,9 122,11 140,11 145,13 154,6 161,6 165,7 194,6 200,3 210,3 213,2 233,2 237,7 244,5 
24,4 29,16 32,4 50,1 52,19 58,16 64,4 70,16 75,13 77,2 90,2 113,5 117,10 121,18 128,7 137,11 143,1 166,7 175,13 180,17 188,5 192,14 204,2 214,5 220,3 224,4 225,14 236,15 239,1 
18,20 20,1 23,6 29,10 44,12 48,9 57,16 69,10 73,1 79,8 92,1 103,15 113,7 123,10 140,2 165,3 171,11 186,4 188,16 203,13 207,5 209,18 212,7 215,4 216,6 226,12 228,3 236,12 244,17 
1,1 2,7 31,18 45,19 49,7 53,9 61,7 64,14 89,16 90,12 97,6 129,11 139,9 151,19 157,13 216,1 
1,15 2,6 38,3 45,4 54,2 55,3 62,4 83,18 93,14 101,11 120,3 123,14 138,4 145,14 182,18 188,5 206,10 
5,10 35,3 50,10 54,19 59,7 99,11 130,4 136,14 222,15 233,12 
2,16 22,17 30,5 37,20 47,16 60,4 64,8 67,2 69,13 86,9 96,16 101,16 153,13 158,3 159,3 199,9 207,14 216,13 219,4 225,10 
15,9 38,7 77,9 87,12 101,9 108,19 116,17 117,19 121,6 126,15 144,6 172,15 174,9 190,17 200,10 208,15 
5,1 15,15 23,11 33,1 34,16 38,12 48,9 51,10 57,4 59,14 62,8 70,4 89,9 115,7 126,14 130,2 162,16 168,12 181,15 186,9 196,6 222,4 231,13 244,11 246,17 
8,10 16,5 31,2 35,17 67,14 70,18 79,1 140,14 204,19 213,19 225,1 231,6 
21,14 28,5 29,17 44,14 83,16 85,17 92,5 108,7 126,13 133,17 147,12 161,1 190,12 240,18 243,2 
5,4 6,15 8,13 17,10 23,19 24,8 62,2 65,14 77,15 83,9 91,1 102,18 103,19 104,3 114,10 121,5 130,15 131,16 138,5 142,12 159,12 166,8 176,11 213,14 218,7 225,3 226,8 229,8 233,4 
4,2 14,13 21,8 36,20 41,19 42,12 46,8 73,13 107,4 120,11 122,9 128,3 149,18 158,17 165,3 172,4 201,4 215,17 232,1 
5,6 21,15 24,15 42,13 51,12 58,10 62,13 97,9 107,11 156,4 198,1 199,19 201,15 214,13 233,6 
10,7 15,2 23,18 29,14 43,6 54,16 57,16 64,4 65,18 75,9 76,12 81,10 85,13 97,3 98,17 123,9 133,18 135,6 136,11 152,13 161,10 165,20 172,7 173,18 175,8 177,3 181,13 183,4 229,6 
3,8 6,2 25,17 43,13 47,6 48,8 155,20 192,10 214,18 
8,7 9,10 15,11 45,17 76,10 96,1 112,5 
28,18 40,19 45,13 48,5 49,16 50,15 58,1 68,13 80,17 97,20 135,11 154,3 156,4 204,4 206,8 231,19 240,14 242,3 
5,19 36,10 47,1 49,4 54,19 92,19 97,6 123,16 173,17 174,13 205,15 221,16 
1,4 6,18 23,20 40,16 52,8 57,13 70,9 83,19 113,7 127,13 147,14 153,4 165,7 166,13 201,1 233,11 
23,4 28,7 70,12 72,10 86,4 115,7 158,2 166,15 168,16 180,18 184,2 203,2 232,16 236,15 242,9 
5,14 40,15 54,2 57,2 63,9 67,15 97,8 98,8 109,7 112,10 114,18 116,17 119,17 122,17 133,18 138,5 140,6 156,13 158,14 176,2 179,9 195,14 197,18 202,14 218,10 221,10 231,1 
1,20 45,2 48,15 106,6 133,17 143,10 164,7 170,15 191,18 246,7 
0,8 6,20 18,2 36,19 37,13 58,8 65,1 93,11 100,10 105,6 117,15 125,20 142,1 158,2 174,1 181,20 186,15 216,11 
8,4 51,2 73,17 97,15 109,5 134,6 143,7 157,12 173,13 226,15 249,4 
4,17 15,4 48,10 70,10 90,1 92,3 118,3 156,17 172,19 174,13 195,18 201,15 
9,5 12,17 16,7 38,7 51,18 100,14 117,13 119,7 123,7 125,18 140,1 154,8 155,2 160,5 170,10 178,18 182,17 189,9 203,7 221,2 235,17 240,1 242,4 
1,14 2,20 26,18 42,20 43,2 52,9 60,18 66,16 67,9 75,19 96,7 106,17 130,20 155,15 156,17 176,2 201,4 216,11 238,16 243,4 249,8 
8,19 21,13 29,2 38,4 107,14 122,11 189,16 202,9 204,19 236,11 
10,2 15,8 51,16 66,17 70,13 86,5 92,8 106,11 109,2 120,18 121,5 123,20 181,14 183,12 188,2 196,19 211,2 214,8 225,3 
9,13 16,9 18,4 29,14 33,4 37,5 40,17 43,4 62,9 76,4 85,5 101,5 103,2 106,17 119,6 131,18 136,3 142,12 151,17 154,12 171,15 192,12 225,9 229,19 
9,9 22,20 27,8 51,11 63,12 99,1 102,3 119,8 123,5 127,8 153,16 181,11 
1,12 37,3 45,17 47,12 139,10 145,3 151,19 183,9 198,7 
1,5 4,16 29,13 40,15 59,16 64,9 107,12 146,15 214,6 234,14 236,8 
4,12 8,18 13,16 33,15 45,11 47,14 49,1 53,5 57,2 59,12 81,1 95,3 118,6 119,14 122,11 134,14 143,17 149,16 153,13 162,16 179,17 211,3 217,4 218,6 228,14 
54,2 67,1 155,4 184,2 207,18 
13,15 14,16 17,11 21,18 48,6 54,13 58,1 66,5 74,19 81,3 85,8 100,11 105,1 106,7 137,4 155,9 161,6 163,7 171,12 195,9 199,19 220,6 226,14 227,2 236,4 246,10 
3,10 23,13 32,17 37,18 54,6 55,4 60,14 79,11 113,8 120,1 122,6 124,14 136,8 172,19 191,2 215,19 222,19 
6,8 9,19 10,8 16,4 36,19 108,1 165,14 171,12 180,7 200,14 
2,9 27,9 35,15 38,17 52,17 90,3 136,12 176,8 198,18 203,15 
4,13 18,16 22,9 27,5 36,3 38,16 39,20 41,6 43,3 47,11 54,1 62,16 72,1 83,7 100,9 104,3 107,18 121,14 144,4 146,8 147,9 153,14 160,10 177,19 185,17 193,8 202,15 207,2 209,11 238,1 
1,7 6,10 10,14 14,11 16,5 19,8 52,9 54,14 59,6 69,9 70,3 73,20 74,6 77,8 80,15 113,15 116,11 117,6 148,1 149,12 168,2 169,9 188,12 196,15 228,5 248,14 
8,9 14,7 41,17 70,17 77,8 122,4 153,6 180,8 202,18 
1,7 9,16 29,9 32,15 39,12 45,9 46,1 61,11 87,1 112,17 115,10 146,4 167,16 168,12 208,18 236,5 238,17 245,16 
7,14 23,1 25,20 35,12 79,10 82,14 92,11 96,9 113,6 130,1 176,1 201,15 203,12 207,5 237,3 
29,20 46,19 50,16 55,5 60,11 62,16 63,9 86,5 109,3 113,20 130,12 154,2 155,5 164,14 167,2 180,19 181,3 207,7 221,6 248,3 249,2 
0,17 20,18 25,12 27,6 36,12 67,18 87,3 120,8 
9,6 17,16 18,20 43,5 48,9 58,15 67,19 86,2 132,12 151,9 165,1 174,14 189,13 198,11 215,18 218,12 219,16 232,19 
5,19 10,13 11,17 33,1 35,10 67,3 96,3 108,13 120,7 126,8 128,5 140,3 144,15 148,8 153,9 159,11 182,17 185,9 210,1 
8,7 9,2 20,1 22,18 33,4 36,10 40,15 79,6 92,1 133,16 146,17 172,10 
1,17 21,7 29,6 33,5 35,13 41,19 78,6 83,17 85,11 86,17 92,7 112,14 184,1 198,8 236,1 
2,8 3,12 10,15 53,1 56,15 68,4 69,11 84,14 89,12 96,18 111,15 112,12 121,11 126,14 149,5 150,5 152,12 153,16 154,11 166,19 171,7 180,17 191,10 248,7 249,13 
27,13 38,15 41,1 52,18 63,19 66,7 94,1 104,13 125,3 127,9 134,4 151,8 158,19 164,5 178,3 188,17 191,16 230,1 239,20 243,20 249,2 
5,20 8,19 26,7 38,4 51,15 77,7 80,5 85,2 101,3 126,10 133,7 136,3 155,19 158,7 160,11 162,11 168,15 173,13 174,3 187,4 188,13 191,13 193,19 197,3 198,18 239,1 241,3 
11,8 22,10 29,2 52,19 136,5 139,2 144,9 189,2 233,3 242,17 
1,16 21,6 49,8 107,15 126,5 130,14 166,1 181,4 202,5 227,4 233,12 237,7 
4,19 15,17 16,18 72,5 77,10 99,17 106,14 107,12 123,13 161,1 165,19 175,17 186,5 203,4 216,15 227,9 231,15 235,20 237,10 
2,1 7,2 12,1 15,17 20,14 21,5 28,16 50,6 56,9 57,5 58,7 75,7 93,8 97,15 100,6 101,20 121,1 133,12 146,8 149,2 167,10 171,18 191,5 212,11 235,7 
15,9 17,12 45,7 67,10 77,18 149,3 188,16 189,2 
6,16 21,16 24,4 38,20 47,3 49,9 64,7 76,7 99,10 120,14 226,16 230,7 246,12 
4,5 9,2 13,9 18,12 19,18 24,8 35,7 38,11 41,14 53,12 63,17 77,17 97,11 119,16 122,10 136,1 139,12 150,3 181,5 183,4 186,5 191,4 227,6 235,11 
17,15 18,10 27,2 37,17 45,11 53,10 57,10 63,19 79,15 82,13 97,6 145,13 171,4 175,3 187,2 190,14 205,5 232,2 
33,7 56,9 81,3 90,6 133,19 181,6 230,15 
9,7 14,4 27,15 31,2 35,2 49,8 77,17 82,7 86,6 87,8 90,14 116,16 123,18 127,5 140,17 142,14 149,18 153,15 154,18 186,10 200,4 206,1 208,5 223,17 231,19 244,11 
1,5 5,6 28,1 47,18 54,7 60,3 68,11 85,18 93,1 102,8 104,7 115,14 124,16 129,2 134,19 165,16 166,15 200,1 234,13 245,11 
36,4 37,20 40,12 46,20 57,18 63,6 67,5 85,5 96,14 107,11 113,1 126,2 141,8 150,10 158,12 219,11 227,1 238,11 
13,5 16,7 23,2 26,7 36,4 51,10 56,11 68,9 77,17 84,11 90,11 93,6 98,4 116,10 138,13 140,6 142,12 160,11 164,14 175,12 179,4 200,13 210,6 220,11 225,16 238,8 243,10 
1,9 4,20 24,18 38,2 41,6 54,15 58,10 60,14 70,9 74,16 82,7 85,20 87,5 112,13 119,18 133,12 136,18 143,1 153,18 163,4 192,18 196,13 199,2 229,15 230,7 241,12 243,7 
1,3 5,20 12,18 15,5 16,8 36,1 44,13 48,16 93,14 120,16 129,8 136,8 171,14 173,9 178,19 193,10 194,18 204,13 218,18 249,11 
25,14 36,11 41,18 55,3 79,20 82,18 108,3 149,20 202,2 226,7 232,4 244,5 
7,12 15,3 36,11 63,15 64,14 66,13 104,8 107,14 109,10 111,5 121,2 130,5 131,2 141,16 142,8 144,20 154,6 177,13 202,5 203,16 243,16 
2,1 6,5 9,6 20,2 25,4 26,10 35,14 47,2 75,13 87,8 108,9 119,5 172,14 199,5 229,18 
1,20 25,10 33,16 48,16 57,7 68,3 104,5 161,10 174,5 184,20 191,4 200,4 207,1 218,5 238,5 240,11 
21,4 23,7 42,16 59,11 120,2 124,8 135,9 171,1 222,11 
0,9 32,14 41,6 61,4 64,2 67,15 83,20 100,1 101,12 111,14 126,5 135,8 151,20 155,13 156,6 171,3 240,16 246,4 
41,19 67,16 86,18 126,2 153,10 174,1 226,3 
9,18 40,17 45,6 103,12 191,17 212,7 
14,18 18,19 27,19 50,6 66,17 70,18 77,18 78,17 105,16 109,7 113,12 118,19 123,12 139,9 167,9 205,14 217,11 232,1 239,4 249,10 
1,14 16,13 33,4 38,7 41,16 54,2 80,6 90,14 108,4 120,19 160,6 168,8 181,20 198,15 
35,9 51,13 54,4 70,6 73,11 129,9 130,8 137,12 159,16 189,15 203,9 223,19 239,12 243,6 
16,16 20,7 24,9 32,17 35,7 61,14 70,11 86,3 93,8 95,12 109,3 110,5 116,1 123,18 124,8 152,16 153,20 156,15 185,12 192,13 209,1 213,3 222,20 226,9 228,11 
3,16 18,13 25,9 43,12 51,8 52,20 57,11 92,4 135,12 149,15 172,2 189,2 196,17 239,2 
11,3 38,6 60,4 67,5 77,5 122,13 175,3 189,2 
4,16 7,11 13,16 35,15 39,7 47,19 59,9 88,10 110,2 116,12 133,9 158,6 160,13 166,16 175,10 178,17 209,4 214,11 215,1 216,3 222,3 231,1 247,13 248,17 
9,19 11,11 23,1 28,16 35,12 43,19 56,11 58,2 65,14 77,6 82,1 104,3 119,17 122,6 146,2 172,11 189,18 207,13 214,15 238,15 247,3 
26,18 121,8 126,16 144,7 174,11 188,12 
29,3 36,15 67,12 79,1 86,12 119,14 122,12 126,8 143,2 154,16 165,20 170,5 182,20 228,11 238,11 247,19 
9,18 17,3 25,20 37,1 39,8 57,1 78,10 80,7 90,17 123,1 142,2 152,10 154,11 180,2 191,5 193,7 194,3 200,6 209,7 212,12 218,9 222,1 240,1 241,17 
3,13 30,7 42,3 52,2 63,6 96,4 104,15 110,9 126,20 141,7 151,18 152,19 156,6 202,9 207,14 224,11 226,11 229,3 232,11 245,3 
0,7 3,7 4,14 12,19 37,19 45,12 48,12 56,13 60,14 88,3 117,13 170,2 178,11 201,10 207,14 237,3 
3,1 9,1 23,7 33,14 38,6 41,3 89,15 96,8 99,4 105,17 113,8 140,2 164,20 168,12 175,7 185,17 195,1 205,9 210,8 212,15 214,12 
21,12 24,20 43,3 45,12 66,12 75,14 96,9 246,17 
43,17 45,16 52,2 97,1 104,8 163,12 181,9 188,12 196,12 235,16 238,11 
14,8 19,4 23,4 68,18 90,16 97,12 107,5 113,2 114,3 119,18 125,20 137,15 169,3 219,8 
16,8 54,20 107,5 116,3 121,10 
3,16 27,14 30,19 38,14 46,7 55,4 59,19 86,17 88,19 103,9 108,8 130,20 144,18 154,16 159,15 167,9 172,9 181,17 212,18 224,11 234,4 242,18 
21,13 33,18 70,13 107,12 136,16 143,10 144,19 171,8 225,19 236,6 242,8 
6,7 8,8 9,4 14,19 35,4 38,14 41,18 51,7 55,8 62,13 75,4 87,16 90,13 96,14 98,6 104,9 107,16 119,15 123,18 131,10 136,20 162,11 166,12 189,8 218,10 222,15 235,2 
4,15 10,16 15,15 29,4 47,10 56,6 73,3 82,8 86,12 101,2 107,11 119,18 126,6 142,16 143,11 151,16 166,3 203,12 231,10 236,3 242,2 247,14 
24,11 44,13 71,20 82,2 83,15 91,4 92,9 101,5 109,19 130,13 164,20 169,4 184,10 186,15 195,3 198,9 199,7 200,13 205,19 216,1 243,7 
25,18 39,15 50,16 52,1 69,4 73,4 77,13 81,17 83,17 130,6 136,15 144,6 158,18 172,2 180,13 198,19 213,13 217,20 
4,11 48,10 59,13 80,12 221,15 
1,2 5,8 9,13 36,15 43,20 47,18 52,12 62,3 68,17 76,2 77,14 79,2 108,19 109,7 121,12 139,6 156,18 168,13 194,7 202,16 221,13 239,15 
2,3 10,10 21,3 38,1 41,13 62,3 67,12 104,11 135,16 151,15 174,17 207,6 236,6 
15,5 17,1 24,5 37,7 43,20 82,5 96,10 109,11 122,11 134,6 139,13 164,1 
1,6 6,6 8,9 29,12 56,6 66,1 70,10 92,6 112,1 128,10 170,13 172,2 176,3 214,2 
4,7 6,6 8,15 9,17 14,4 21,10 25,11 45,16 64,16 90,16 109,11 153,11 166,6 177,1 244,13 
12,18 41,19 92,7 123,4 148,12 227,15 
8,17 34,20 52,3 78,7 101,14 108,5 122,14 146,20 155,20 160,1 174,11 192,13 208,20 220,6 221,8 
1,4 8,16 9,11 15,6 24,15 27,14 50,5 56,7 58,3 68,3 70,20 75,7 94,14 103,1 112,19 120,16 142,20 184,10 232,8 233,12 243,7 
2,11 3,3 8,15 9,15 12,4 38,16 40,18 42,7 44,3 48,9 49,3 57,7 67,8 75,13 76,15 107,19 111,1 120,15 139,16 153,12 154,3 162,6 181,2 190,9 218,3 233,14 236,16 
13,13 18,19 20,15 38,14 46,16 48,10 50,19 99,16 101,2 113,10 133,9 151,9 191,15 205,5 244,2 245,18 
1,12 15,13 49,8 54,5 64,12 76,16 97,2 99,12 109,15 134,8 146,12 158,13 
8,3 97,9 149,3 155,4 230,18 236,17 
7,19 8,17 20,4 49,14 54,4 78,15 82,10 142,5 145,2 161,13 182,4 183,12 237,18 
46,14 58,11 86,15 92,12 94,12 107,7 113,18 117,4 124,14 129,1 130,3 152,8 172,18 180,8 182,7 192,1 196,14 204,11 220,17 237,12 246,8 247,9 
11,13 16,2 41,1 47,17 50,18 53,7 63,15 68,4 70,7 81,19 93,19 105,10 127,14 137,2 140,11 151,9 156,2 161,2 171,18 189,13 201,10 203,9 208,7 234,11 243,13 
0,14 2,6 10,3 14,16 32,19 42,2 49,16 70,18 74,17 80,13 109,13 124,9 183,12 198,3 204,18 222,8 230,5 232,9 
0,16 38,9 45,20 63,9 74,13 79,1 81,13 103,14 109,3 128,5 131,1 141,11 159,17 164,11 191,15 202,6 206,14 216,6 217,14 226,8 240,14 
22,9 25,17 38,20 49,7 53,19 57,13 70,8 112,17 117,3 122,12 138,3 139,10 146,7 184,13 198,13 202,4 221,15 230,17 
2,17 6,18 12,1 13,7 19,13 21,10 23,19 67,11 77,2 83,2 95,8 100,1 161,3 194,13 197,2 200,2 203,12 211,20 230,2 
4,2 5,8 26,4 27,11 31,7 34,14 70,3 96,19 126,13 162,1 185,1 194,16 203,3 207,3 220,1 225,13 231,4 
23,8 40,17 42,3 54,3 82,18 108,3 124,19 139,17 145,11 182,3 198,5 200,1 205,1 206,20 233,5 
14,17 17,13 42,20 50,16 77,9 90,17 122,4 195,3 201,3 
16,10 46,2 55,4 57,17 76,18 94,7 98,8 101,19 107,17 143,2 156,13 171,8 193,9 220,2 232,12 246,12 
1,9 3,14 9,2 12,12 18,14 20,14 23,20 25,3 64,15 70,13 79,20 85,14 87,11 101,3 111,4 116,5 118,6 134,20 148,9 151,17 166,2 183,4 230,19 238,15 
15,18 17,18 45,8 60,18 82,17 104,17 142,20 170,4 171,7 178,3 214,18 
38,15 49,3 70,4 85,12 88,9 116,4 170,12 173,12 181,4 228,14 
2,13 21,16 24,8 54,1 76,2 91,2 106,1 128,20 155,10 165,10 175,13 202,9 204,3 220,4 231,17 
2,7 3,6 45,9 96,17 104,9 136,12 146,17 177,1 230,10 
6,11 30,19 58,4 64,9 79,15 112,5 116,5 119,10 155,15 189,3 207,4 
16,9 23,11 25,12 26,9 29,17 43,12 45,12 109,4 117,2 192,15 
4,14 16,17 20,3 28,3 34,2 44,16 49,11 57,5 58,16 60,5 85,2 97,12 108,17 109,13 114,16 141,12 148,12 201,11 212,8 222,10 232,11 235,7 
4,6 5,17 9,6 19,19 31,19 32,13 82,9 84,16 103,13 110,2 114,2 135,15 137,2 138,2 140,18 153,8 172,13 186,3 191,18 206,14 240,4 245,20 249,6 
63,17 66,12 117,14 166,9 237,14 238,17 
15,5 16,14 32,8 40,13 54,5 78,18 93,2 107,10 108,16 109,13 113,5 116,4 128,4 132,17 143,5 167,15 174,15 189,18 192,13 197,14 202,15 238,7 
24,12 38,14 57,14 71,10 86,12 123,18 136,13 164,13 171,1 187,15 191,13 199,2 223,20 235,15 
0,13 1,7 20,14 47,7 96,8 109,19 124,10 143,7 180,9 196,19 209,2 219,15 225,18 233,13 
8,14 45,20 50,9 56,6 124,18 143,3 158,7 176,13 177,16 
14,10 22,18 51,9 54,7 77,14 81,18 92,9 146,1 155,3 179,3 205,6 224,9 232,12 
1,2 53,3 55,14 64,6 85,19 97,15 123,13 137,17 148,12 171,14 193,19 201,1 214,4 215,11 237,14 
20,20 47,4 48,11 77,18 109,3 176,2 191,14 201,4 204,10 208,3 233,17 
1,14 6,14 25,3 27,18 39,7 45,5 50,17 69,1 88,7 95,18 103,11 106,8 109,18 134,15 155,9 156,19 173,3 175,13 178,5 204,11 207,11 215,20 229,6 248,5 
3,17 48,18 62,9 69,19 92,19 123,2 127,5 155,7 192,2 
30,11 43,9 56,3 63,10 94,14 119,4 120,1 122,13 128,4 143,6 155,13 176,2 178,1 232,2 
6,13 7,4 8,5 10,19 14,16 20,11 26,20 40,16 68,4 69,15 75,1 81,15 83,4 100,15 145,10 172,10 179,3 188,11 196,1 197,4 229,14 246,4 
5,14 34,7 44,10 45,15 47,15 77,14 84,9 96,15 98,18 111,5 125,2 126,5 144,9 158,16 174,6 175,4 184,9 191,15 221,17 227,1 237,2 246,15 
16,4 19,10 30,10 58,13 76,2 82,7 95,15 100,12 112,4 126,16 135,9 154,12 172,9 176,12 177,3 205,13 241,6 242,18 
21,6 36,1 41,3 57,2 65,19 73,4 84,19 124,13 171,11 173,18 184,3 197,10 198,11 
2,15 7,1 15,20 55,10 74,15 117,5 133,14 146,9 155,19 167,5 178,1 195,6 203,13 228,7 242,8 
43,14 60,10 73,8 119,1 174,14 178,20 189,14 225,13 
5,8 8,20 15,16 18,12 58,5 62,14 91,18 96,2 100,5 101,7 128,1 140,13 144,14 145,14 159,6 177,3 186,4 198,11 228,18 245,6 
19,4 28,5 34,4 35,20 40,14 55,16 63,15 99,18 119,5 164,20 172,7 197,3 209,1 228,6 232,10 245,6 
4,7 15,16 20,13 47,15 58,18 96,11 136,1 139,4 143,7 193,2 208,1 228,13 
6,17 38,3 45,18 52,10 56,3 104,1 122,6 146,8 225,15 
24,12 38,16 85,2 90,3 176,20 212,19 214,6 245,19 
2,2 6,16 9,10 15,20 22,10 33,17 36,20 37,17 38,7 40,7 41,7 45,1 58,7 113,11 132,7 143,12 146,15 151,18 188,8 211,19 213,12 232,20 242,4 
2,14 13,6 14,18 21,15 27,7 56,2 65,19 67,14 136,3 156,13 212,12 225,10 
3,18 21,6 27,4 34,19 36,7 40,15 48,11 57,5 69,13 71,18 85,8 89,6 139,11 140,15 146,12 161,2 182,18 196,4 211,6 230,1 240,17 
15,19 24,8 30,13 34,20 54,13 58,4 68,17 93,19 103,18 139,1 196,11 198,20 230,2 
2,7 3,7 30,11 43,15 47,14 58,6 59,1 62,13 79,11 83,11 112,15 139,3 155,1 174,6 
15,3 45,14 54,12 90,4 133,11 156,20 174,14 236,12 
20,7 67,7 77,10 90,6 103,12 124,18 128,5 143,9 153,10 166,3 242,19 243,15 249,11 
13,9 48,3 55,2 62,4 103,16 121,11 149,8 193,15 243,20 
5,12 20,13 32,1 35,9 40,4 46,20 49,20 53,18 57,3 92,6 122,11 164,6 171,17 177,1 180,2 184,4 237,11 
21,14 29,19 49,14 54,16 74,16 77,10 82,2 101,6 157,15 158,13 164,8 175,15 202,17 225,13 237,8 
1,11 26,9 27,18 41,10 49,7 61,15 64,4 93,19 129,11 136,20 139,3 143,1 153,15 173,8 188,10 229,14 238,2 
2,15 54,2 119,17 135,19 192,20 246,2 
8,17 26,14 35,8 38,11 57,4 144,11 151,11 195,9 230,12 232,16 
6,8 26,3 41,2 42,15 48,11 57,14 62,10 65,1 67,3 85,3 86,9 122,16 152,19 177,13 193,18 206,13 210,15 213,10 221,13 230,9 234,11 235,18 245,20 
5,4 18,8 26,12 41,11 52,9 58,12 67,8 80,15 92,14 115,16 125,7 131,3 136,9 144,11 174,8 235,16 
6,13 29,11 45,1 50,12 92,2 111,4 112,9 116,6 121,1 163,15 202,1 237,10 246,5 
54,8 58,3 90,14 97,5 136,11 142,11 183,14 205,7 207,18 208,6 209,13 232,4 246,6 
14,5 67,8 70,6 86,19 123,15 127,18 144,3 198,6 201,14 222,14 
7,17 9,18 53,7 108,1 115,7 118,15 123,7 169,18 173,5 175,17 176,2 181,19 185,10 214,1 215,2 224,12 225,9 
21,2 37,16 45,6 55,18 64,13 65,6 73,19 77,1 112,15 119,19 139,1 154,10 177,4 184,17 
4,4 11,17 36,10 47,11 55,20 68,1 76,16 103,19 117,2 125,4 133,1 144,11 165,8 173,9 180,12 188,11 195,12 200,2 208,10 212,20 224,16 228,4 
8,5 20,19 43,1 52,12 56,2 61,12 67,4 69,6 75,11 110,3 111,12 165,12 166,14 178,5 193,13 197,17 236,7 
11,15 13,8 23,15 33,4 47,5 48,3 89,14 120,13 151,4 172,11 225,11 237,7 
32,3 43,2 45,15 52,1 53,1 54,3 55,11 82,17 112,20 113,7 116,11 148,16 153,2 188,7 192,15 225,18 226,16 243,15 247,9 
43,15 57,15 58,12 76,15 84,11 89,8 92,4 99,5 106,1 152,6 154,3 159,6 166,16 169,17 217,12 233,7 244,12 
4,3 19,5 38,10 47,6 56,7 100,3 111,7 112,10 145,3 170,18 171,12 190,14 196,14 202,2 220,11 221,8 227,10 234,7 
6,1 9,14 14,17 15,14 20,3 28,12 32,18 40,18 83,16 96,1 99,17 121,11 122,8 128,5 140,15 142,11 148,11 181,15 190,17 191,7 222,2 
6,7 14,10 40,11 50,15 55,3 57,1 108,20 109,1 133,4 135,12 137,2 158,15 
24,3 41,16 66,18 73,14 82,1 128,11 130,16 143,1 174,14 189,4 214,17 
109,3 123,12 143,17 203,6 243,14 
41,6 45,13 73,3 76,9 82,4 110,17 151,18 152,8 154,2 203,18 205,8 212,4 218,19 
0,3 3,3 5,12 9,2 18,10 37,18 66,2 83,4 108,20 122,10 123,7 126,16 135,6 155,7 165,7 172,13 218,15 219,20 235,15 241,14 244,17 
5,1 6,20 22,9 23,17 26,8 48,15 51,5 56,5 58,17 64,11 119,11 125,5 162,13 167,2 236,12 243,17 
5,7 39,1 55,14 99,16 120,11 144,3 167,18 189,20 207,6 208,6 211,19 225,20 
2,7 11,17 17,14 35,13 64,17 78,7 92,10 115,12 130,4 147,17 171,8 180,12 201,4 202,15 223,2 227,5 228,6 
3,16 15,5 35,14 36,19 45,1 52,2 139,13 140,3 142,19 154,14 171,9 235,9 
5,15 14,12 27,2 43,1 97,14 101,3 107,7 139,17 198,5 
80,4 83,8 101,2 107,13 108,2 124,11 133,10 189,6 218,11 
