80
6,17 29,6 45,16 50,12 60,11 
16,7 38,20 57,18 74,11 
12,12 17,7 39,10 42,18 54,2 57,20 59,14 63,7 
20,12 21,8 55,17 58,10 
0,12 6,9 33,16 37,2 41,7 56,20 72,14 
1,18 11,4 38,11 44,3 64,12 65,8 70,3 
41,20 42,13 53,10 59,19 62,13 76,17 
6,17 18,13 19,8 30,16 35,17 63,14 70,12 72,1 
59,8 
16,11 20,8 26,3 29,20 38,17 
0,19 8,17 15,12 33,8 39,10 40,12 
7,3 16,8 24,19 52,18 59,17 73,7 75,2 
0,1 34,20 46,19 49,8 50,2 62,5 68,20 
32,13 52,1 60,13 63,11 64,17 
67,11 79,20 
10,13 16,2 23,17 35,11 36,10 51,12 79,11 
3,16 19,12 56,16 67,12 
6,16 14,8 40,17 44,6 49,5 57,7 
7,8 36,2 49,13 59,16 71,6 77,3 
14,8 15,19 58,7 60,16 
0,10 5,12 14,15 18,1 48,1 77,16 
0,15 14,20 20,5 34,5 55,16 56,10 77,19 
3,2 15,2 29,17 38,19 39,16 54,5 66,4 73,14 
5,7 17,13 40,10 61,18 62,19 76,17 77,12 
8,12 26,7 36,20 55,11 64,5 73,20 78,8 
5,7 6,3 44,6 48,20 52,14 69,5 
32,8 36,17 49,17 72,9 
2,12 10,4 24,15 40,1 76,13 
23,8 27,6 36,9 44,2 53,20 59,14 73,2 
21,11 40,11 51,7 62,3 78,13 
21,5 33,8 34,14 44,2 45,10 62,3 73,11 78,15 
15,16 32,7 36,14 37,16 47,10 50,17 60,17 68,1 
2,4 8,9 20,13 33,19 74,20 
22,14 40,10 45,11 47,8 57,16 68,13 76,2 
0,11 8,6 9,3 46,15 72,10 
0,2 14,14 16,3 17,4 30,15 54,15 65,3 
16,9 17,14 20,10 23,6 29,11 55,2 61,16 
18,16 19,14 24,13 38,8 47,15 67,7 68,16 79,14 
6,7 16,2 18,10 36,5 44,18 50,9 
4,3 26,4 41,11 43,1 46,6 57,9 78,3 
0,10 12,11 15,3 17,15 21,8 35,20 46,19 53,14 
0,14 3,13 5,8 13,15 28,6 38,18 39,9 51,12 
10,14 12,12 24,11 37,1 38,19 46,1 71,14 
5,14 9,19 15,11 27,14 31,4 44,4 52,15 59,11 
1,15 5,9 18,1 27,12 36,8 63,6 70,4 72,19 
39,18 43,5 69,9 73,16 
2,4 48,9 52,4 
36,18 37,20 42,9 68,8 
2,19 6,7 34,12 36,18 55,8 60,19 69,15 
2,14 5,17 33,19 36,8 67,5 78,2 
32,8 
10,6 14,11 21,15 28,7 
2,19 55,5 62,13 65,13 71,5 
10,11 21,3 23,1 50,15 78,7 
2,7 9,4 30,11 49,4 53,16 
9,4 30,1 34,19 43,4 75,18 78,20 
10,4 14,3 15,15 60,9 67,14 
9,3 41,17 46,5 72,17 74,9 75,17 
2,7 24,20 32,17 57,20 66,14 
40,15 44,7 
0,4 6,20 7,13 39,4 72,15 
9,18 21,18 33,8 43,8 68,11 
1,3 16,12 35,5 45,15 75,14 76,18 
3,9 21,10 37,2 41,20 58,15 69,3 
7,7 27,8 31,13 40,4 56,5 69,12 
11,8 23,9 26,7 30,11 39,13 42,6 44,8 59,9 
8,16 20,1 24,3 33,7 41,15 67,9 79,13 
12,19 36,17 45,3 48,20 55,15 56,9 72,3 
9,16 10,10 21,9 27,11 28,16 36,19 50,14 67,18 
6,6 26,2 33,19 64,11 74,4 79,1 
17,14 71,18 
7,1 15,6 44,8 50,6 59,8 65,18 67,13 70,14 
8,19 50,14 55,4 57,1 65,16 
15,11 25,8 39,11 62,11 
4,4 6,8 10,14 28,14 30,9 39,19 49,17 52,14 
3,4 23,16 25,9 38,2 53,7 
0,1 9,1 19,17 25,20 43,1 48,16 52,12 
22,2 27,5 28,5 34,6 51,6 58,6 68,20 74,16 
23,15 35,12 
16,18 38,17 44,10 51,20 55,11 70,18 
