80
1,13 3,14 7,14 9,16 18,6 20,13 21,4 23,15 24,1 25,5 27,16 29,8 31,8 32,3 33,3 34,10 36,15 38,3 44,14 45,10 46,6 47,5 49,8 50,15 52,7 53,10 54,9 57,5 60,13 62,4 64,19 65,5 67,5 70,7 71,13 72,16 75,6 77,12 
0,13 5,14 8,12 10,12 12,4 13,4 14,12 20,11 22,8 23,12 25,6 27,20 29,1 30,7 31,5 34,18 40,14 41,11 45,2 50,15 51,19 56,13 62,11 63,15 64,5 65,5 66,4 71,4 76,6 
5,2 6,20 7,1 8,7 9,13 10,1 18,11 21,1 22,5 24,7 27,14 35,1 39,2 41,5 43,8 45,16 48,8 57,11 63,1 65,13 66,5 74,6 78,7 
0,14 6,4 7,3 9,6 11,18 12,16 13,13 15,9 20,1 21,5 23,13 30,5 33,8 37,9 42,3 45,4 46,4 48,2 49,3 50,3 52,15 53,8 54,17 56,1 62,10 65,4 68,17 69,3 71,18 73,12 76,17 77,11 79,4 
5,8 7,5 9,7 12,12 13,20 21,2 23,12 24,13 27,10 31,12 32,3 33,5 40,11 41,19 46,13 48,7 49,18 54,8 57,18 58,11 62,12 68,11 69,3 70,3 78,20 
1,14 2,2 4,8 7,1 9,20 11,15 13,3 16,18 19,7 21,8 23,14 24,16 27,3 32,18 36,5 38,6 43,20 45,10 47,16 50,6 54,14 55,1 57,15 58,5 61,20 
2,20 3,4 10,12 12,14 13,5 14,17 15,14 16,6 18,7 21,3 24,17 25,10 26,20 27,5 28,15 33,5 35,16 37,9 41,4 43,19 45,12 48,11 50,17 51,1 61,4 70,17 73,15 75,9 
0,14 2,1 3,3 4,5 5,1 10,2 11,6 13,14 14,4 15,12 16,3 18,17 19,17 20,4 21,2 22,19 23,18 25,7 26,12 28,8 30,6 32,4 33,15 34,18 36,14 37,2 38,11 39,6 40,9 45,16 50,15 51,17 55,6 62,15 64,3 65,16 70,14 71,12 72,5 73,4 75,1 76,10 78,16 
1,12 2,7 9,18 13,11 15,2 30,20 33,12 35,3 37,13 39,18 43,3 46,8 47,20 48,15 51,4 54,14 56,20 63,16 
0,16 2,13 3,6 4,7 5,20 8,18 10,7 11,18 14,11 15,13 16,3 17,4 20,1 22,4 23,2 26,3 29,1 30,14 31,14 36,14 37,13 40,1 42,4 43,13 46,8 47,13 51,18 53,5 54,12 56,19 57,5 59,12 63,2 70,2 73,3 76,10 77,14 
1,12 2,1 6,12 7,2 9,7 12,1 13,6 15,16 16,11 19,3 23,5 29,20 30,16 31,10 32,4 35,11 37,19 42,3 46,8 50,9 51,15 58,9 60,6 62,13 64,5 67,6 68,11 69,20 72,3 73,11 76,5 78,2 79,7 
3,18 5,15 7,6 9,18 12,18 13,9 15,11 19,1 26,4 28,16 30,10 31,19 39,3 42,12 45,17 48,1 51,6 56,15 58,17 60,5 64,16 68,10 69,14 71,10 74,2 78,17 
1,4 3,16 4,12 6,14 10,1 11,18 13,15 17,15 22,17 27,8 30,9 31,1 34,14 36,8 37,5 40,4 43,14 45,16 46,1 49,1 50,2 51,6 57,17 62,11 66,16 
1,4 3,13 4,20 5,3 6,5 7,14 8,11 10,6 11,9 12,15 14,6 16,10 19,7 21,12 22,12 23,2 24,17 26,18 27,15 28,20 31,2 33,11 35,5 38,6 40,5 42,12 43,14 44,10 45,9 47,18 50,7 53,12 56,4 57,14 58,4 60,8 63,4 65,4 78,2 
1,12 6,17 7,4 9,11 13,6 16,9 17,2 20,15 21,14 26,10 27,6 28,3 29,17 30,15 31,1 32,5 33,15 34,9 39,14 41,17 42,16 44,1 48,20 50,16 54,17 58,12 62,5 63,13 68,16 70,4 75,14 76,3 78,4 
3,9 6,14 7,12 8,2 9,13 10,16 11,11 23,19 34,17 36,9 40,12 41,9 45,19 46,17 48,7 50,3 63,16 66,7 68,7 69,19 73,20 74,12 78,4 
5,18 6,6 7,3 9,3 10,11 13,10 14,9 25,18 34,7 42,10 46,11 51,20 54,11 57,15 69,9 73,18 76,14 
9,4 12,15 14,2 24,15 35,13 43,11 45,12 54,10 75,11 
0,6 2,11 6,7 7,17 29,6 30,20 57,19 58,5 65,5 68,15 
5,7 7,17 10,3 11,1 13,7 20,17 22,4 25,3 29,10 45,9 50,3 51,17 56,10 67,4 
0,13 1,11 3,1 7,4 9,1 14,15 19,17 21,20 22,15 24,2 25,11 26,6 27,6 29,20 30,10 31,3 32,1 33,15 35,12 40,18 42,11 44,17 45,2 48,1 50,17 51,19 53,2 55,11 56,1 58,19 64,14 65,1 66,13 69,1 71,12 72,6 73,15 76,12 
0,4 2,1 3,5 4,2 5,8 6,3 7,2 13,12 14,14 20,20 27,18 31,11 33,14 36,14 38,12 40,5 44,17 46,5 50,7 52,2 53,9 55,2 60,1 63,7 67,5 68,4 70,10 72,11 73,9 74,5 76,8 77,6 78,2 
1,8 2,5 7,19 9,4 12,17 13,12 19,4 20,15 25,10 36,14 38,8 43,14 44,1 45,10 46,13 48,1 54,2 55,10 56,17 59,15 60,19 65,8 68,1 71,9 72,13 73,10 75,4 
0,15 1,12 3,13 4,12 5,14 7,18 9,2 10,5 13,2 15,19 24,3 27,13 28,17 33,10 34,13 36,19 37,7 42,1 43,6 44,4 45,2 50,3 54,20 57,9 58,7 61,16 62,18 64,19 66,2 
0,1 2,7 4,13 5,16 6,17 13,17 17,15 20,2 23,3 26,5 27,10 28,11 32,11 34,18 36,5 42,9 43,1 45,16 51,10 65,2 71,6 74,10 78,14 
0,5 1,6 6,10 7,7 16,18 19,3 20,11 22,10 30,5 39,12 40,11 42,10 44,18 50,4 51,8 57,10 59,11 61,8 64,6 66,19 74,19 
6,20 7,12 9,3 11,4 13,18 14,10 20,6 24,5 36,2 37,14 40,11 43,10 54,16 75,1 
0,16 1,20 2,14 4,10 5,3 6,5 12,8 13,15 14,6 20,6 21,18 23,13 24,10 32,14 37,4 39,14 40,9 45,16 56,5 76,19 79,16 
6,15 7,8 11,16 13,20 14,3 23,17 24,11 45,16 46,17 51,13 54,9 61,18 
0,8 1,1 9,1 10,20 14,17 18,6 19,10 20,20 32,16 36,3 58,13 63,10 68,12 69,10 70,6 76,16 
1,7 3,5 7,6 8,20 9,14 10,16 11,10 12,9 14,15 18,20 20,10 25,5 37,7 38,19 39,11 42,5 44,3 47,15 48,6 49,17 51,20 54,14 60,17 61,7 62,17 63,17 66,1 68,2 75,4 76,16 77,17 78,14 79,10 
0,8 1,5 4,12 9,14 10,10 11,19 12,1 13,2 14,1 20,3 21,11 33,20 34,19 39,10 40,11 46,5 49,9 53,6 54,12 60,8 62,14 67,3 70,2 72,1 76,4 77,7 
0,3 4,3 5,18 7,4 10,4 14,5 20,1 24,11 27,14 29,16 34,7 35,9 37,7 43,8 44,12 45,10 50,1 51,12 54,4 56,17 68,5 73,1 
0,3 3,8 4,5 6,5 7,15 8,12 13,11 14,15 20,15 21,14 23,10 31,20 34,11 39,10 45,14 56,13 64,3 66,17 73,3 76,1 
0,10 1,18 7,18 12,14 14,9 15,17 16,7 23,13 24,18 31,19 32,7 33,11 35,14 37,15 41,6 43,2 48,7 49,10 50,2 53,6 57,4 65,16 68,9 72,10 73,5 78,13 
2,1 6,16 8,3 10,11 13,5 17,13 20,12 32,9 34,14 36,20 42,14 45,20 47,5 49,6 50,20 54,16 58,11 63,3 69,18 70,19 73,2 75,3 76,13 
0,15 5,5 7,14 9,14 12,8 15,9 21,14 22,14 23,19 24,5 26,2 29,3 35,20 39,17 44,7 46,10 48,17 51,9 54,8 56,7 60,5 63,20 67,3 68,17 71,8 73,8 75,13 76,17 78,9 
3,9 6,9 7,2 8,13 9,13 10,19 12,5 23,7 26,14 27,4 30,7 32,7 34,15 39,17 41,18 43,13 44,1 51,2 52,5 54,9 56,14 59,2 63,13 72,18 73,3 74,18 75,11 77,8 78,14 
0,3 5,6 7,11 13,6 21,12 22,8 30,19 39,10 45,5 50,5 58,10 62,9 
2,2 7,6 8,18 11,3 14,14 25,12 27,14 30,11 31,10 33,10 36,17 37,17 38,10 40,9 43,18 45,4 50,9 51,15 52,9 54,20 61,11 62,16 65,16 69,11 72,2 74,2 78,5 
1,14 4,11 7,9 9,1 12,4 13,5 15,12 20,18 21,5 25,11 26,11 27,9 31,11 39,9 45,16 51,7 52,4 64,12 68,3 70,15 71,15 72,18 75,20 79,15 
1,11 2,5 4,19 6,4 14,17 15,9 34,6 37,18 42,1 43,5 44,19 61,7 62,15 66,13 
3,3 9,4 10,3 11,12 13,12 14,16 16,10 20,11 23,1 24,9 25,10 30,5 35,14 41,1 45,11 46,9 48,15 50,16 51,12 52,14 62,19 64,18 67,11 68,12 69,19 71,5 75,10 
2,8 5,20 6,19 8,3 9,13 12,14 13,14 17,11 22,14 23,6 24,1 26,10 32,8 34,2 37,13 39,18 41,5 46,1 48,19 49,2 51,4 52,3 62,3 64,17 65,18 67,6 77,10 
0,14 13,10 14,1 20,17 21,17 22,1 23,4 25,18 30,3 32,12 36,7 37,1 41,19 47,8 57,7 67,19 70,10 74,2 75,15 76,19 
0,10 1,2 2,16 3,4 5,10 6,12 7,16 11,17 12,16 13,9 15,19 17,12 19,9 20,2 22,10 23,2 24,16 27,16 28,16 32,10 33,14 35,20 38,5 39,4 40,16 42,11 47,18 49,17 51,19 53,6 54,16 55,9 56,18 58,11 62,2 63,7 67,11 72,5 78,15 
0,6 3,4 4,13 8,8 9,8 10,8 12,1 15,17 16,11 21,5 22,13 28,17 31,5 36,10 42,9 43,1 51,10 53,9 59,13 61,9 70,14 77,11 79,7 
0,5 5,16 8,20 9,13 13,18 30,15 35,5 44,8 45,18 54,7 62,9 68,12 72,4 73,16 75,16 78,18 
2,8 3,2 4,7 6,11 8,15 11,1 14,20 15,7 20,1 22,1 30,6 34,7 36,17 42,15 43,19 49,17 62,3 73,1 75,12 
0,8 3,3 4,18 12,1 30,17 31,9 34,10 35,6 43,2 45,17 48,17 56,6 61,11 64,5 68,4 73,7 
0,15 1,15 3,3 5,6 6,17 7,15 10,9 12,2 13,7 14,16 15,3 19,3 20,17 21,7 23,3 25,4 32,1 34,2 35,20 38,5 39,9 42,16 52,18 57,6 58,15 59,2 62,16 64,2 66,4 68,17 69,10 72,8 76,6 79,15 
1,19 6,1 7,17 8,4 9,18 10,15 11,6 12,6 16,20 19,17 20,19 24,10 25,8 28,13 30,20 32,12 36,9 37,2 39,15 40,7 42,12 43,4 45,19 46,10 55,20 62,15 63,4 64,12 72,9 77,9 78,20 79,15 
0,7 3,15 21,2 37,5 39,9 40,4 42,14 43,3 50,18 54,13 56,18 65,3 68,19 73,9 
0,10 3,8 9,5 13,12 20,2 21,9 31,6 34,6 45,6 46,9 54,6 58,4 72,15 75,6 
0,9 3,17 4,8 5,14 8,14 9,12 14,17 16,11 17,10 22,2 23,20 26,16 28,9 30,14 31,12 32,4 35,16 36,8 37,9 39,20 45,16 47,7 52,13 53,6 57,7 59,5 62,14 63,17 65,3 66,18 67,18 70,16 71,9 73,16 76,8 
5,1 7,6 20,11 21,2 22,10 45,9 51,20 75,2 76,17 78,14 
1,13 3,1 8,20 9,19 11,15 13,4 19,10 20,1 22,17 27,5 32,17 33,13 36,7 37,14 45,18 49,6 52,18 63,5 66,13 68,9 70,20 72,12 73,4 75,2 
0,5 2,11 4,18 5,15 9,5 12,17 13,14 16,15 18,19 23,9 25,10 34,4 44,7 50,6 54,7 63,1 65,5 70,1 
4,11 5,5 10,9 11,17 13,4 14,12 18,5 20,19 23,7 29,13 35,11 38,10 45,11 50,15 53,4 63,11 68,8 73,8 76,9 78,7 
9,12 22,15 25,11 37,2 46,13 50,2 54,5 64,9 65,20 66,14 
0,13 10,6 11,5 13,8 21,1 22,19 30,17 31,8 36,5 62,5 65,7 66,3 75,3 79,12 
5,20 6,4 23,16 25,8 28,18 30,7 39,11 41,7 46,9 49,11 62,19 64,12 75,11 76,11 79,4 
0,4 1,11 3,10 4,12 7,15 10,13 12,11 14,5 23,18 30,17 31,14 38,9 39,16 41,15 42,19 43,3 45,2 47,9 48,3 50,16 51,15 54,14 60,5 61,19 63,18 65,7 66,17 68,11 70,7 72,17 73,2 74,13 76,13 79,16 
1,15 2,1 8,16 9,2 13,4 14,13 15,16 21,7 29,10 30,17 35,3 36,20 37,13 45,7 51,4 54,17 56,5 57,1 58,11 62,18 68,9 71,15 73,7 
0,19 1,5 7,3 10,5 11,16 20,14 23,19 25,6 33,3 40,12 42,18 43,17 49,5 50,2 51,12 59,9 61,12 69,7 75,10 
0,5 1,5 2,13 3,4 7,16 13,4 18,5 20,1 22,8 24,2 34,16 39,16 43,18 52,3 54,3 57,5 59,20 60,7 62,7 70,14 71,3 73,16 78,20 
1,4 2,5 12,16 15,7 20,13 23,2 25,19 30,1 33,17 41,13 50,4 54,18 56,13 59,14 60,3 62,17 68,19 73,13 79,16 
0,5 10,6 19,4 21,5 31,3 36,3 42,11 43,6 44,19 45,11 54,18 
3,17 4,11 10,11 11,10 14,16 15,7 18,15 21,4 22,1 29,12 30,2 32,5 34,9 36,17 40,3 42,12 47,12 49,4 50,17 52,19 56,9 58,8 62,11 63,9 66,19 69,6 70,1 73,17 75,12 77,4 79,16 
3,3 4,3 10,20 11,14 15,19 16,9 20,1 29,10 35,18 39,11 42,19 50,10 64,7 68,6 70,8 72,8 74,4 75,16 79,6 
0,7 4,3 6,17 7,14 9,2 14,4 21,10 29,6 31,2 35,19 40,15 44,10 46,14 54,16 56,20 57,1 62,7 65,14 68,1 69,8 71,7 75,4 79,13 
0,13 1,4 3,18 7,12 11,10 20,12 22,9 24,6 36,8 40,15 42,5 54,9 63,15 65,3 70,7 72,17 75,17 78,4 
0,16 7,5 10,3 20,6 21,11 22,13 31,1 34,10 37,18 39,2 40,18 45,5 47,4 50,8 51,9 53,15 56,12 62,17 69,8 71,17 73,13 78,2 
3,12 6,15 7,4 9,3 10,11 15,20 16,18 20,15 21,9 22,10 32,1 33,3 34,5 35,2 36,8 37,3 47,16 48,1 49,7 52,9 54,16 56,4 58,8 62,2 63,7 65,16 66,13 68,17 72,13 75,13 77,13 79,7 
2,6 11,2 15,12 21,5 24,10 25,19 37,18 39,2 44,2 62,13 69,4 75,11 76,15 
0,6 6,9 7,1 14,14 17,11 22,4 26,1 30,4 35,3 36,13 37,11 40,20 42,10 44,15 47,16 48,12 53,6 55,2 56,2 60,3 61,11 64,10 68,12 69,16 70,4 71,17 73,13 74,11 76,7 77,20 
1,6 3,17 7,10 9,10 10,5 14,3 16,14 20,12 21,8 27,19 29,16 30,16 31,4 33,1 35,13 36,17 44,19 50,6 54,8 55,17 58,9 61,11 62,13 74,15 75,7 79,10 
0,12 3,11 9,14 21,6 30,17 31,7 37,8 43,10 46,11 51,9 68,4 73,13 75,20 
2,7 4,20 7,16 10,2 11,17 13,2 14,4 15,4 21,2 24,14 30,14 34,13 36,9 37,14 39,5 45,15 47,18 51,20 55,14 58,7 65,20 71,4 72,2 
3,4 10,7 27,16 30,10 40,15 46,7 50,15 51,15 60,12 61,4 62,16 66,16 68,16 69,6 70,13 73,7 76,10 
