50
7,10 10,8 15,14 16,20 19,7 23,13 29,16 34,19 36,20 37,8 41,5 42,4 44,10 47,15 49,13 
0,7 13,20 19,20 46,8 
1,6 3,4 4,5 6,4 7,4 11,16 15,2 17,14 22,4 31,11 35,19 45,14 47,6 
24,20 32,16 49,12 
0,16 7,20 10,1 11,12 15,16 16,6 17,1 18,14 19,2 28,5 29,17 30,7 31,7 38,9 46,17 
0,13 8,12 10,14 13,9 16,4 22,7 28,8 30,2 32,18 33,6 34,10 45,11 
5,11 8,9 13,16 24,5 27,7 30,4 31,4 32,19 33,14 34,9 36,12 37,10 40,1 45,9 46,5 47,6 48,13 49,7 
10,19 14,13 16,19 18,13 19,16 30,5 31,14 38,15 45,19 47,20 
2,1 5,14 6,19 9,14 11,16 18,7 20,19 22,19 23,11 24,2 28,19 31,14 33,17 34,8 35,5 42,5 44,2 45,19 46,12 48,15 
5,15 10,16 11,1 13,9 18,13 23,10 25,7 28,13 31,17 32,18 34,10 35,4 36,6 37,9 41,15 42,19 43,16 48,20 
4,18 6,1 8,5 9,7 14,4 18,4 19,13 20,5 26,12 32,15 35,9 36,6 37,4 40,11 41,5 45,17 46,15 48,10 
1,6 5,11 14,7 18,18 26,3 31,15 35,17 36,4 39,1 43,4 46,10 47,20 
2,20 5,15 6,1 13,17 14,4 17,7 19,10 24,11 26,9 27,14 32,6 33,13 39,15 46,20 
0,9 5,3 9,11 10,17 14,16 15,10 16,1 17,15 21,9 22,14 23,6 25,12 26,6 29,13 31,7 33,6 35,18 36,14 40,14 41,12 44,11 46,18 
20,20 45,4 
0,8 4,9 7,17 8,12 11,13 13,16 24,11 25,13 28,4 29,6 30,19 31,11 32,3 34,5 36,6 40,13 44,1 47,17 49,4 
6,6 8,5 10,20 12,6 20,5 21,2 23,14 26,10 30,12 32,3 33,18 36,11 39,1 48,14 
3,17 7,2 18,10 22,19 25,4 27,3 29,14 33,18 35,20 41,15 44,2 45,12 46,13 47,20 48,11 
2,16 5,10 9,4 12,11 14,2 16,2 22,18 24,15 27,20 28,12 34,1 35,3 36,1 42,13 43,19 44,2 45,7 46,1 47,6 48,14 
0,18 3,17 4,14 5,4 12,16 15,3 16,2 17,9 27,10 28,12 31,1 35,20 44,3 46,9 47,12 
6,11 8,12 13,1 14,7 15,15 22,19 25,14 30,3 33,15 36,3 39,15 40,16 41,7 42,5 43,5 44,20 47,14 49,3 
0,14 2,7 5,14 11,14 16,15 18,13 20,13 22,8 25,7 31,6 33,3 38,8 40,13 45,9 47,16 48,12 
4,2 5,19 8,10 9,19 10,3 17,11 23,13 27,7 28,1 31,20 41,13 43,1 44,16 46,20 48,13 49,15 
1,3 3,13 9,8 12,4 15,8 18,16 21,1 24,6 36,14 38,20 42,14 
2,17 4,14 8,3 17,14 33,16 35,17 37,14 39,11 41,9 42,7 45,7 
2,20 3,6 4,5 6,6 8,19 14,14 21,12 22,13 24,12 31,1 38,2 40,9 41,7 43,3 45,3 46,9 47,8 48,7 
0,20 2,8 14,15 16,11 23,20 32,1 33,20 40,1 44,7 45,14 47,16 49,9 
3,20 12,6 30,6 33,3 35,2 37,3 38,6 40,9 46,8 
0,14 1,13 3,11 5,18 6,13 12,10 13,16 14,2 15,12 16,1 21,12 24,7 25,5 27,20 37,4 40,17 43,13 47,8 
3,9 8,15 17,3 18,1 22,6 28,10 36,12 39,14 43,4 46,14 48,6 49,10 
0,14 1,13 3,18 4,20 13,9 17,2 20,19 21,20 28,19 29,7 31,20 36,8 40,12 41,10 42,19 46,16 47,16 
3,17 5,17 6,15 11,1 13,1 16,3 18,14 19,1 25,19 30,19 34,20 35,18 37,10 38,5 40,14 41,19 43,4 45,13 48,6 
1,5 5,2 10,11 11,15 14,11 17,6 21,11 22,8 23,20 24,1 34,16 36,3 37,8 38,11 40,2 44,20 48,11 
1,3 3,2 4,17 7,20 10,3 11,3 12,16 17,13 19,13 20,18 22,8 24,4 30,11 31,16 40,15 43,15 44,18 45,17 46,19 49,11 
5,14 11,17 13,8 18,20 19,20 20,7 22,18 25,3 28,20 31,9 37,13 43,2 46,7 47,18 
1,17 5,19 6,9 11,10 19,17 21,20 33,9 37,3 46,18 
4,14 9,13 20,12 21,8 24,1 26,1 28,9 34,2 38,13 39,20 41,20 42,2 46,2 48,16 
4,19 6,7 9,4 12,2 18,3 21,20 22,20 23,6 25,14 26,10 29,10 31,6 32,2 41,17 47,13 
3,11 6,19 9,13 17,19 18,17 21,10 26,4 30,4 35,8 44,15 45,15 46,4 49,7 
0,8 2,20 5,8 6,7 10,7 12,9 14,4 15,10 20,14 23,12 27,13 33,18 35,5 41,17 44,7 46,17 47,13 
1,2 2,4 4,19 8,5 10,7 11,7 13,2 17,10 19,14 23,7 25,17 30,5 38,12 42,10 47,20 
9,12 13,1 14,18 18,5 20,15 22,9 23,19 25,16 29,2 34,4 35,12 37,3 38,13 39,3 42,5 45,12 48,20 
2,17 5,19 6,3 9,20 13,3 15,17 16,13 22,20 27,15 30,6 33,9 36,14 37,20 39,19 43,10 48,14 
1,14 3,10 5,19 11,19 12,12 14,7 18,19 20,3 21,3 24,8 27,14 28,9 32,20 36,3 38,17 44,14 45,7 48,4 49,2 
3,4 10,19 19,12 27,8 30,15 37,17 40,19 43,14 
0,2 1,2 5,7 7,12 15,18 16,14 21,14 25,20 26,8 27,1 28,14 29,18 34,1 36,19 42,5 44,4 
0,13 1,9 8,1 13,20 14,9 15,17 19,17 20,5 22,13 23,17 24,2 29,3 33,11 34,7 36,4 37,20 39,6 
0,3 2,7 21,15 31,12 39,11 40,20 41,19 49,19 
4,18 5,18 7,6 9,14 16,6 17,3 26,19 28,9 30,10 33,3 35,20 38,3 40,1 42,12 43,11 44,4 46,11 47,17 
5,14 6,13 11,1 12,11 13,13 20,5 26,15 32,17 40,1 41,1 45,1 
