100
2,5 4,4 11,13 13,19 14,14 18,8 19,8 21,2 26,19 30,4 34,17 43,20 52,1 55,17 57,14 61,3 62,20 63,5 78,11 80,14 81,2 86,2 87,15 92,10 98,2 
4,1 7,12 9,10 10,8 11,10 13,1 16,1 20,11 21,10 23,12 25,2 26,17 31,14 32,17 34,16 40,14 41,4 43,15 44,15 47,7 52,8 61,1 64,13 65,20 68,19 70,11 75,20 78,4 83,3 86,10 96,11 98,6 
0,5 7,20 9,5 12,1 14,2 17,3 20,1 21,18 32,2 33,17 35,12 37,1 48,2 52,15 55,6 64,7 65,7 67,12 68,2 69,12 70,11 75,14 76,14 81,9 89,11 91,5 93,8 94,2 
6,12 9,3 11,6 13,18 20,18 22,14 23,4 28,2 32,8 38,12 39,19 40,19 44,19 54,13 55,3 64,13 65,8 70,20 88,11 
0,4 1,1 7,1 14,19 16,2 18,3 20,2 25,15 31,20 32,5 34,14 40,12 41,14 44,8 47,18 54,2 55,12 61,6 75,2 80,3 93,8 97,12 
6,1 9,12 12,14 14,4 21,12 43,2 50,13 52,20 56,8 65,19 78,1 80,13 82,9 88,16 92,9 
3,12 5,1 7,17 12,20 13,13 14,9 19,1 20,1 22,1 24,12 25,3 26,15 30,7 32,2 35,18 39,12 40,19 43,10 45,13 46,19 49,4 53,5 55,1 58,10 61,7 62,10 67,6 77,15 79,8 80,16 81,3 82,13 86,8 90,12 95,20 98,12 
1,12 2,20 4,1 6,17 9,9 13,7 14,7 17,1 18,14 21,17 22,20 25,7 33,9 34,5 36,2 39,11 40,15 44,14 46,5 47,16 49,13 53,8 57,11 71,20 75,7 78,16 86,5 89,4 90,11 92,1 98,3 
9,15 11,1 22,8 23,3 24,14 26,20 28,12 32,1 33,9 34,13 36,6 37,5 39,3 40,12 41,12 42,16 45,12 46,5 48,19 52,9 56,16 60,6 61,5 70,6 72,14 87,6 88,10 89,20 92,18 93,7 94,18 95,19 99,16 
1,10 2,5 3,3 5,12 7,9 8,15 10,17 11,8 15,7 16,20 18,20 23,2 24,5 25,12 26,8 27,7 30,18 33,14 34,6 36,13 38,7 39,6 40,17 45,19 50,6 52,4 57,20 62,19 72,9 74,15 75,7 76,16 77,1 80,1 81,8 83,4 86,6 93,9 95,16 98,11 99,18 
1,8 9,17 11,10 12,1 13,17 14,16 18,10 21,15 22,19 29,15 31,20 32,4 34,14 36,13 39,4 41,3 43,19 45,2 47,13 48,11 49,19 52,1 54,4 56,17 63,4 64,7 68,9 70,18 73,11 75,11 76,18 77,12 78,20 80,9 81,1 83,2 84,2 85,8 86,2 94,13 95,11 98,12 99,10 
0,13 1,10 3,6 8,1 9,8 10,10 12,20 14,3 15,14 18,4 19,19 20,3 24,3 25,5 28,3 31,1 33,16 34,18 36,6 39,17 40,5 45,11 46,16 47,3 49,13 50,1 51,3 53,6 55,18 62,13 64,7 66,9 75,8 79,5 80,7 83,16 89,16 91,15 94,19 98,12 99,13 
2,1 5,14 6,20 10,1 11,20 14,4 15,14 19,1 20,12 22,16 25,7 27,8 30,14 32,12 33,6 34,9 37,14 42,18 44,6 46,19 47,7 48,1 51,8 52,16 58,17 59,17 60,2 61,16 62,13 65,6 67,7 70,13 75,1 79,15 80,12 81,16 83,5 85,18 87,5 90,3 91,20 92,15 93,11 97,14 99,8 
0,19 1,1 3,18 6,13 7,7 10,17 15,18 17,3 18,7 25,5 26,2 31,16 32,17 39,1 45,9 46,6 47,17 49,1 54,7 61,10 64,14 68,11 76,3 82,1 84,19 93,11 98,6 99,4 
0,14 2,2 4,19 5,4 6,9 7,7 10,16 11,3 12,4 16,5 22,15 23,5 25,15 30,13 32,11 35,1 38,8 39,5 43,7 44,6 46,7 47,19 50,6 52,15 53,13 56,7 57,12 63,4 65,11 67,8 71,10 73,16 74,10 75,6 76,15 77,9 79,4 80,3 84,1 85,12 87,1 88,2 90,15 92,6 
9,7 11,14 12,14 13,18 18,12 26,15 32,10 38,18 
1,1 4,2 9,20 14,5 18,14 25,16 31,5 36,13 46,10 48,10 51,11 52,13 73,8 78,7 82,14 92,2 98,16 
2,3 7,1 13,3 18,8 20,14 27,3 33,13 39,12 45,15 46,4 55,7 61,13 62,2 67,12 70,2 73,2 87,6 93,20 
0,8 4,3 7,14 9,20 10,10 11,4 13,7 15,12 16,14 17,8 19,15 20,11 22,1 24,19 25,17 26,19 28,9 31,11 33,9 38,6 40,2 41,7 42,9 44,9 45,2 47,17 48,19 51,8 52,13 54,19 55,20 58,2 60,12 61,8 64,14 65,13 66,19 68,7 69,20 70,19 75,19 76,3 78,2 79,8 87,4 91,16 92,9 94,6 96,20 98,17 99,16 
0,8 6,1 11,19 12,1 18,15 21,12 22,19 23,12 24,12 25,13 29,13 30,5 33,11 34,4 35,5 36,13 37,4 38,4 46,1 50,7 53,13 54,10 56,14 58,14 59,19 64,10 65,9 67,4 70,6 75,1 76,1 77,11 78,9 79,3 82,5 85,4 87,8 88,2 92,12 94,10 95,20 97,18 98,18 
1,11 2,1 3,18 4,2 6,1 11,3 12,12 17,14 18,11 22,5 25,1 28,20 30,1 31,8 45,7 47,12 51,9 53,16 54,11 55,12 58,11 64,4 67,7 72,17 73,18 78,3 79,10 83,5 
0,2 1,10 2,18 5,12 7,17 10,15 19,12 22,2 23,2 25,17 26,12 27,10 30,1 31,18 36,4 38,14 39,4 42,1 44,1 47,4 48,9 49,12 53,4 54,13 57,16 65,12 66,7 67,12 68,7 72,11 73,18 75,14 76,13 77,20 78,15 81,19 85,12 87,7 91,1 98,11 99,14 
3,14 6,1 7,20 8,8 10,19 12,16 14,15 18,1 19,19 20,5 21,2 23,8 25,7 26,20 27,14 30,12 31,7 34,11 39,14 40,2 41,20 42,20 43,4 44,2 46,16 48,6 51,5 54,15 55,6 56,4 61,8 62,7 65,14 70,9 71,15 73,1 76,12 79,11 80,12 81,13 83,9 84,7 88,2 92,13 94,19 95,5 96,11 98,9 99,17 
1,12 3,4 8,3 9,2 14,5 19,12 21,2 22,8 24,17 29,3 31,18 33,5 35,10 36,18 40,13 41,8 44,7 45,3 47,7 54,19 57,17 58,3 60,7 64,15 69,11 72,17 78,8 82,3 83,6 84,10 88,20 96,17 
6,12 8,14 9,5 11,3 18,19 19,12 23,17 25,3 28,17 33,14 35,6 49,12 50,14 55,13 56,7 58,10 59,18 66,2 69,9 71,15 80,18 81,7 94,17 96,19 97,18 
1,2 4,15 6,3 7,7 9,12 11,5 12,7 13,5 14,15 16,16 18,17 19,13 20,1 21,17 22,7 24,3 27,6 29,1 32,6 38,10 40,12 42,14 43,8 44,12 51,2 52,7 56,14 57,9 60,17 65,13 66,6 69,10 72,12 75,3 80,1 82,1 84,8 88,14 90,2 92,11 95,12 99,17 
0,19 1,17 6,15 8,20 9,8 13,2 15,15 18,19 21,12 22,20 32,15 33,5 37,7 39,4 40,12 44,20 45,17 46,7 49,9 52,15 55,6 59,4 61,20 62,20 63,20 64,15 66,4 67,20 68,14 73,6 77,9 79,13 80,16 83,4 88,18 90,8 91,4 95,7 97,3 
9,7 12,8 17,3 21,10 22,14 25,6 30,12 31,16 32,1 36,5 37,11 45,3 46,4 48,12 55,17 64,18 66,13 69,13 75,4 76,20 77,18 78,6 79,1 80,18 81,20 86,10 87,6 89,20 94,13 
3,2 8,12 11,3 18,9 20,20 24,17 33,1 35,10 38,16 42,16 43,15 44,11 52,11 55,16 57,10 58,16 64,15 69,9 74,13 76,15 78,19 80,20 82,18 87,1 93,15 94,17 
10,15 19,13 23,3 25,1 31,4 44,11 47,20 52,2 61,5 68,5 70,10 81,19 87,14 88,11 
0,4 6,7 9,18 12,14 14,13 19,5 20,1 21,1 22,12 27,12 31,19 32,5 43,11 44,20 45,2 48,2 64,18 65,4 68,2 71,11 76,8 80,19 86,4 90,18 93,10 94,14 95,9 97,9 
1,14 4,20 10,20 11,1 13,16 16,5 18,11 20,8 21,18 22,7 23,18 27,16 29,4 30,19 32,4 33,16 34,16 36,11 37,2 39,20 40,10 43,15 44,7 47,16 51,5 53,16 59,12 60,15 61,18 62,11 63,10 64,4 67,8 68,5 73,6 76,10 79,16 82,1 84,15 85,20 87,3 88,4 89,20 92,15 96,6 99,14 
1,17 2,2 3,8 4,5 6,2 8,1 10,4 12,12 13,17 14,11 15,10 25,6 26,15 27,1 30,5 31,4 33,4 34,7 35,3 36,16 37,11 38,8 41,15 43,3 45,16 47,19 48,18 49,3 50,6 52,14 54,2 55,20 58,18 64,12 65,6 67,2 68,12 69,7 70,12 72,6 73,14 75,17 80,15 86,4 88,6 89,11 90,15 94,6 96,1 97,15 98,2 
2,17 7,9 8,9 9,14 11,16 12,6 17,13 18,9 19,11 23,5 24,14 26,5 28,1 31,16 32,4 35,6 46,2 47,2 53,14 55,19 57,6 59,18 64,17 65,7 73,20 80,16 81,9 85,11 94,5 
0,17 1,16 4,14 7,5 8,13 9,6 10,14 11,18 12,9 19,4 22,11 31,16 32,7 35,8 37,16 39,5 40,7 44,17 48,4 49,9 54,11 58,11 61,1 62,8 65,3 67,1 73,13 75,16 81,8 83,16 84,15 87,4 88,11 90,13 92,20 94,16 99,13 
2,12 6,18 14,1 19,5 23,10 24,6 28,10 32,3 33,6 34,8 39,17 43,17 44,8 46,13 49,14 53,7 54,15 58,17 60,15 62,13 65,9 70,10 75,16 77,19 81,12 87,2 
7,2 8,6 9,13 10,13 11,6 16,13 19,13 21,4 23,18 27,5 31,11 32,16 37,16 40,3 43,6 44,16 46,18 53,8 64,16 65,1 68,17 71,10 74,2 78,8 79,2 80,9 82,10 83,8 85,15 88,5 97,7 99,1 
2,1 8,5 12,14 19,4 26,7 27,11 31,2 32,11 34,16 36,16 40,10 53,15 58,9 59,15 60,20 65,19 68,5 69,15 74,10 75,18 76,6 78,6 80,6 81,16 83,8 87,5 89,17 90,15 92,18 93,17 94,1 95,6 98,7 
3,12 9,7 14,8 15,18 18,6 19,4 21,14 25,10 28,16 32,8 44,4 45,19 48,5 51,2 53,9 54,17 57,3 61,19 64,14 67,14 68,4 69,13 70,7 73,13 75,11 76,15 82,15 85,4 87,15 94,7 96,14 99,9 
3,19 6,12 7,11 8,3 9,6 10,4 11,17 13,1 14,5 17,12 21,4 22,14 26,4 31,20 34,5 35,17 42,13 47,9 48,11 49,2 53,8 54,18 55,6 58,12 61,5 62,14 64,13 66,20 67,11 71,2 75,18 77,13 79,5 86,4 88,8 95,4 97,13 
1,14 3,19 4,12 6,19 7,15 8,12 9,17 11,5 18,2 22,2 23,13 25,12 26,12 31,10 34,7 36,3 37,10 43,19 44,17 46,3 49,20 52,2 58,20 59,1 73,17 75,5 78,20 81,4 82,11 86,20 89,10 
1,4 4,14 8,12 10,3 18,7 22,20 23,8 32,15 48,4 49,11 50,6 53,6 61,12 62,15 93,2 
8,16 12,18 18,9 21,1 22,20 25,14 28,16 39,13 46,17 47,4 62,1 65,4 
0,20 1,15 5,2 6,10 10,19 14,7 22,4 25,8 28,15 30,11 31,15 32,3 35,17 36,6 40,19 44,14 48,2 52,4 54,18 57,4 61,6 64,14 68,6 70,1 71,14 73,6 76,4 79,1 80,20 87,19 89,8 92,3 94,12 
1,15 3,19 4,8 7,14 12,6 14,6 18,9 21,1 22,2 23,7 25,12 26,20 28,11 29,11 30,20 31,7 34,17 35,8 36,16 38,4 40,17 43,14 46,16 47,4 49,1 50,9 52,14 56,8 57,5 58,8 59,7 65,11 66,13 67,5 68,18 69,9 72,6 75,2 77,7 79,2 83,17 88,10 89,14 94,7 
6,13 8,12 9,19 10,2 11,11 13,9 17,15 18,2 20,7 23,3 26,17 27,3 30,2 32,16 38,19 46,8 51,13 52,12 55,15 61,6 65,1 70,2 71,2 81,20 87,18 88,6 94,8 
6,19 7,5 8,5 11,16 12,19 13,6 14,7 16,10 17,4 19,1 22,16 26,7 27,4 33,2 35,13 36,18 40,3 42,17 44,16 45,8 48,1 49,17 51,2 54,5 58,17 59,12 61,7 62,9 65,15 69,17 73,17 75,14 76,11 82,15 84,5 85,10 90,2 91,6 94,20 95,13 96,10 98,2 
1,7 4,18 7,16 10,13 11,3 12,7 13,17 14,19 18,17 20,12 21,4 23,7 29,20 31,16 32,19 33,2 39,9 42,4 44,4 52,13 54,18 56,5 57,10 58,18 61,10 62,18 64,2 65,1 66,19 70,3 72,18 77,11 80,13 82,13 87,11 88,12 90,13 93,7 98,19 
2,2 8,19 10,11 12,1 16,10 18,19 21,9 22,6 27,12 30,2 32,18 34,4 38,5 39,11 41,4 43,2 46,1 50,15 53,16 54,12 55,6 56,3 57,15 60,8 61,14 62,15 65,3 70,17 74,7 76,7 78,17 80,20 81,14 82,15 83,1 88,15 89,20 91,17 96,14 98,1 99,15 
6,4 7,13 10,19 11,13 13,1 21,12 24,12 26,9 32,3 34,9 35,14 39,2 40,20 41,11 44,1 46,17 52,19 53,6 54,6 55,7 57,10 60,2 62,18 68,3 70,8 72,17 79,1 82,2 85,17 89,5 92,10 93,12 96,9 97,5 
5,13 9,6 11,1 14,6 19,7 24,14 32,6 41,6 44,9 48,15 53,14 55,12 63,12 74,17 75,19 76,19 79,11 84,18 86,11 91,2 92,15 93,6 98,20 
11,3 12,8 16,11 18,8 20,9 22,5 25,2 31,5 38,2 45,13 46,2 55,10 66,3 70,2 81,19 88,1 90,20 94,16 
0,1 1,8 2,15 5,20 8,9 9,4 10,1 12,16 14,15 16,13 18,13 25,7 26,15 28,11 29,2 32,14 40,2 43,4 44,14 45,12 47,13 49,19 59,16 62,5 63,15 67,12 72,8 73,20 74,16 76,13 79,3 80,5 82,11 83,17 90,12 92,20 93,12 96,1 97,2 98,15 
6,5 7,8 11,6 14,13 19,13 20,16 21,4 31,16 33,14 35,7 36,8 37,15 38,9 39,8 41,6 48,16 49,6 50,14 55,12 60,7 61,8 68,11 70,3 85,3 87,10 93,16 96,19 
3,13 4,2 10,4 13,7 18,19 19,10 20,11 21,13 22,15 23,19 32,2 34,11 35,15 38,17 39,18 43,18 46,5 47,18 48,12 49,6 55,14 58,7 59,3 64,18 67,13 68,1 72,4 73,16 74,5 77,9 78,10 81,16 82,12 86,19 87,10 90,13 92,8 93,7 94,12 95,5 99,1 
0,17 2,6 3,3 4,12 6,1 11,18 17,7 18,20 20,12 22,6 24,13 26,6 27,17 28,16 32,20 33,19 39,6 45,15 48,6 49,7 50,12 51,10 53,12 54,14 63,13 64,7 65,18 68,10 69,15 72,3 73,13 81,5 82,9 85,5 88,14 90,6 91,5 93,4 94,17 97,13 
5,8 8,16 10,17 14,7 19,14 22,4 24,7 25,14 44,8 47,5 48,3 64,8 68,16 70,1 73,13 78,14 81,11 82,20 87,5 88,17 89,1 92,2 93,3 96,6 98,19 
0,14 7,11 9,20 14,12 21,16 23,17 25,9 28,10 33,6 38,3 43,4 44,5 47,10 48,15 49,10 60,6 64,14 65,9 68,19 73,16 75,11 78,17 79,5 80,7 85,1 92,7 94,10 95,5 99,3 
6,10 12,17 18,2 19,14 20,11 23,3 24,10 28,16 32,18 34,11 35,17 37,9 39,12 40,20 44,8 46,17 47,18 54,7 59,1 61,17 62,6 65,15 69,4 71,4 75,19 78,16 89,16 90,2 93,8 94,20 99,1 
12,17 19,19 24,18 26,4 31,12 33,18 37,15 40,1 44,7 46,12 52,16 54,3 58,1 62,11 65,19 73,11 86,7 90,3 
8,6 12,2 18,12 23,7 25,17 31,15 35,15 37,20 48,8 49,2 53,7 57,6 61,15 62,4 65,14 70,6 78,18 90,4 
0,3 1,1 4,6 6,7 8,5 12,16 13,10 17,13 18,8 22,8 26,20 29,5 31,18 34,1 38,19 39,5 41,12 43,6 45,6 46,7 47,10 48,14 53,8 58,17 60,15 62,10 66,20 67,13 73,17 75,1 76,14 77,8 78,2 81,11 84,1 85,1 87,7 88,12 89,6 92,4 93,4 95,11 98,11 
0,20 6,10 9,19 11,13 12,13 17,2 22,7 26,20 31,11 34,8 35,13 39,14 41,15 42,1 46,9 47,18 48,15 49,18 52,5 58,6 59,11 60,4 61,10 65,2 66,5 68,17 70,8 71,17 76,2 77,11 78,2 79,4 80,16 81,18 83,12 84,15 87,9 88,17 93,7 95,4 
0,5 10,4 14,4 26,20 31,10 50,12 52,15 55,13 64,6 65,12 75,6 86,20 88,9 89,10 90,14 93,3 
1,13 2,7 3,13 10,7 11,7 13,14 18,14 19,10 20,4 23,15 26,15 27,18 28,15 30,18 31,4 32,12 33,17 36,16 38,14 39,13 43,14 47,2 54,18 55,7 56,8 57,14 63,6 65,10 70,20 71,18 73,13 74,19 81,18 82,3 84,15 89,18 93,1 99,14 
1,20 2,7 3,8 5,19 12,6 14,11 18,13 19,9 21,12 22,14 25,13 30,4 32,6 33,7 34,3 35,9 36,1 37,19 42,4 44,11 45,1 46,15 47,1 48,3 55,18 57,9 58,15 59,19 60,14 62,2 63,12 64,10 69,5 75,2 76,9 77,19 79,20 81,7 82,10 84,12 86,15 87,17 88,2 94,6 
11,9 18,19 21,7 24,2 25,6 26,4 27,13 39,20 44,13 47,19 51,3 61,20 62,5 81,16 92,8 
2,12 6,6 12,7 14,8 17,12 19,4 20,7 21,12 26,20 31,8 32,2 34,1 38,14 39,11 44,5 52,12 54,13 61,13 75,12 79,1 81,12 87,20 
1,19 2,2 10,9 13,11 18,7 21,7 26,14 29,5 30,2 31,5 32,12 36,17 37,5 38,4 43,6 44,18 49,3 53,11 54,1 55,10 56,16 57,19 62,17 76,10 78,17 87,1 88,4 89,8 93,14 98,3 99,4 
2,12 18,20 23,11 24,9 25,10 27,13 28,9 32,7 37,15 38,13 44,9 46,17 55,15 58,4 65,5 80,17 
1,11 2,11 3,20 8,6 10,18 12,13 17,2 18,19 19,6 22,9 29,10 32,12 35,10 38,7 43,1 45,2 47,3 48,17 49,8 51,2 53,3 56,1 60,6 62,8 64,20 78,13 79,1 81,3 98,7 
7,20 14,10 22,15 24,15 30,11 36,10 39,2 43,14 45,2 58,4 62,17 64,18 80,15 98,14 
8,14 9,9 20,17 21,11 23,17 25,12 32,6 44,6 47,18 49,17 52,8 54,4 55,3 80,5 87,13 98,5 
10,11 14,16 16,8 17,2 20,18 21,18 22,1 26,6 31,6 32,14 33,20 34,13 38,13 40,17 43,6 46,17 52,20 54,16 55,13 56,13 57,16 59,11 61,17 64,13 77,5 79,5 81,17 83,18 87,16 89,20 93,2 94,5 95,18 
9,15 14,10 28,13 36,2 37,10 48,7 50,17 52,16 54,5 64,19 79,20 80,10 87,17 
1,20 2,14 4,2 7,7 9,7 10,11 11,8 12,1 14,6 18,19 19,1 21,14 25,3 27,4 32,17 34,16 35,16 37,18 38,11 39,18 40,5 44,2 46,14 50,19 57,11 58,19 61,1 63,6 65,2 67,12 79,11 80,11 84,14 87,17 88,1 89,3 91,9 92,17 94,11 95,8 98,2 
2,14 9,16 10,18 13,3 14,15 18,3 19,1 21,13 22,12 27,20 28,15 30,8 31,10 37,6 38,15 43,4 46,11 48,7 50,19 52,13 61,14 62,2 65,9 68,10 78,16 81,14 87,1 88,3 90,4 92,7 98,12 99,1 
6,15 9,1 10,12 14,9 19,11 21,20 26,9 27,18 35,19 39,13 44,7 47,11 54,9 61,8 62,11 65,19 73,5 
0,11 1,4 5,1 7,16 10,20 16,7 18,2 19,9 20,3 21,15 23,8 27,6 28,19 36,8 37,6 40,20 48,17 54,10 56,14 57,17 58,16 60,18 61,2 62,2 68,17 70,13 76,16 81,14 83,12 85,12 86,16 89,9 91,5 95,20 99,5 
6,8 11,5 12,15 14,4 18,8 19,3 20,10 22,11 26,13 27,1 31,16 36,2 39,5 43,1 44,2 49,1 50,11 52,3 57,5 62,4 65,20 67,1 70,1 73,5 74,20 75,11 92,4 94,18 
0,14 4,3 5,13 6,16 9,1 10,9 11,7 12,12 14,3 22,12 24,18 25,1 26,16 27,18 28,20 30,19 32,15 33,16 36,9 37,6 43,20 47,13 48,20 52,5 57,7 62,16 69,17 71,15 72,5 74,10 75,11 82,12 83,18 
0,2 2,9 6,3 9,8 10,1 12,16 21,19 22,13 24,7 27,20 29,19 33,9 34,8 35,12 37,16 40,4 45,20 48,14 51,19 54,16 55,5 56,11 61,11 62,18 64,18 65,7 66,16 67,12 70,3 73,17 76,14 78,14 84,2 90,11 95,19 97,12 98,19 
5,9 6,13 13,1 16,14 19,5 23,3 25,1 28,18 31,1 36,10 38,15 40,11 46,15 47,13 48,15 49,2 52,11 54,12 55,9 56,20 64,3 65,10 80,12 87,3 90,11 93,7 94,10 99,19 
1,3 9,4 10,2 11,16 12,5 20,5 22,9 23,6 26,4 34,16 36,8 37,8 44,17 48,1 52,17 62,12 73,18 78,12 80,18 98,3 
10,2 13,19 14,1 22,7 23,10 25,8 31,15 34,15 46,5 50,18 61,1 62,15 64,15 65,12 75,14 81,2 87,17 90,11 93,3 
10,8 12,18 14,12 19,4 21,12 31,20 33,11 36,15 38,4 46,10 49,17 53,3 55,5 57,1 61,1 78,12 
0,2 1,10 6,8 7,5 9,6 10,2 27,10 30,4 32,4 39,4 40,20 50,11 54,19 59,7 63,20 65,15 78,16 87,7 88,13 
0,15 8,6 12,5 14,1 17,6 18,4 19,8 21,7 27,6 28,1 29,14 31,3 34,4 35,2 37,5 38,15 43,19 45,18 47,11 53,10 54,10 56,5 61,7 62,9 65,17 67,20 68,1 72,13 73,16 74,17 75,17 76,1 82,3 84,17 86,7 90,10 95,12 96,12 
3,11 5,16 8,10 14,2 19,2 22,2 23,20 25,14 26,18 29,11 31,4 32,6 34,11 36,5 39,8 44,10 45,6 47,12 48,15 51,1 55,14 56,17 61,12 62,17 63,9 65,2 68,4 75,1 76,3 86,13 90,8 92,16 98,5 
2,11 7,4 8,20 11,16 27,20 31,20 32,11 37,17 40,10 43,8 44,14 48,20 49,5 56,1 58,16 61,6 63,10 64,18 68,8 73,20 75,3 78,9 90,15 
6,12 7,11 12,3 14,15 25,2 26,8 30,18 32,15 34,13 37,15 46,2 47,13 51,20 52,12 54,13 55,6 58,2 59,3 60,4 63,14 76,4 81,11 82,11 84,11 87,10 88,8 89,15 92,6 93,7 97,11 
2,5 11,15 12,20 18,16 21,1 26,4 46,6 48,17 50,2 55,5 75,9 78,5 
0,10 5,9 7,1 8,18 12,15 14,6 16,2 18,9 19,12 22,13 25,11 31,15 34,20 37,18 43,3 49,10 50,15 52,20 54,8 56,2 57,7 61,4 66,8 75,17 76,7 79,4 88,16 90,6 98,14 99,17 
2,8 4,8 8,7 9,9 12,11 13,11 17,20 28,15 30,10 37,17 41,2 47,7 49,12 50,6 52,12 53,16 54,7 55,4 56,3 58,8 61,4 62,7 63,3 64,1 68,14 73,2 82,7 84,3 90,7 
2,2 8,18 10,13 11,19 18,6 19,10 22,19 24,17 27,13 28,17 30,14 32,6 33,5 34,16 37,1 38,7 43,12 44,7 45,8 46,20 51,16 54,12 55,17 57,10 58,20 65,6 73,5 75,11 79,18 82,10 
6,20 8,19 9,16 10,11 19,20 22,5 25,12 26,7 30,9 37,6 39,4 46,13 54,5 57,5 61,11 62,4 73,18 75,8 78,20 81,19 87,12 
1,11 18,20 22,11 23,17 24,19 31,6 32,1 38,14 46,10 48,14 49,9 52,1 53,19 56,6 87,12 
4,12 12,14 19,18 24,18 26,3 30,9 32,15 36,7 39,13 49,5 52,2 55,13 81,12 90,11 
0,2 1,6 6,12 7,3 9,11 10,12 11,12 13,6 16,16 18,17 19,18 21,11 22,9 32,2 37,7 46,2 47,19 48,1 50,20 52,15 56,19 61,11 68,3 70,7 71,14 72,5 75,2 76,12 81,19 83,3 88,5 92,14 
8,16 9,18 10,10 11,13 12,8 13,4 18,16 21,14 22,17 25,17 31,14 34,13 36,1 38,9 48,15 54,1 57,3 58,1 64,14 68,4 76,1 78,5 82,19 92,17 
